78246, 145057, 117962, 77859
78246, 144492, 117500, 77859
78246, 144492, 117962, 77859
77940, 144492, 117962, 77859
78554, 144492, 117962, 77859
78246, 144492, 117962, 77859
78246, 144492, 117962, 77859
77940, 144492, 117500, 77859
77940, 144492, 117962, 77859
78246, 144492, 117500, 77859
77940, 144492, 117500, 77859
78246, 144492, 117500, 77859
77940, 144492, 117500, 77859
77940, 144492, 117500, 77859
77940, 144492, 117500, 77553
77940, 144492, 117500, 77553
77940, 144492, 117500, 77553
77940, 144492, 117500, 77859
77940, 144492, 117500, 77859
77940, 144492, 117500, 77859
77940, 144492, 117500, 77553
77635, 144492, 117500, 77553
77940, 144492, 117500, 77553
77940, 144492, 117500, 77859
77940, 144492, 117500, 77859
77940, 143928, 117500, 77553
77940, 144492, 117500, 77553
77635, 144492, 117500, 77553
77635, 143928, 117500, 77553
77635, 143928, 117038, 77553
77940, 143928, 117038, 77553
77940, 143928, 117038, 77859
77635, 143928, 117500, 77553
77940, 143928, 117500, 77553
77940, 143928, 117038, 77553
77635, 143928, 117038, 77553
77330, 143928, 117500, 77553
77635, 143928, 117500, 77553
77635, 143928, 117500, 77553
77635, 143928, 117038, 77553
77635, 143928, 117038, 77553
77635, 143928, 117038, 77553
77635, 143928, 117038, 77553
77635, 143928, 117038, 77553
77635, 143928, 117038, 77553
77330, 143928, 117038, 77553
77330, 143928, 117038, 77553
77330, 143928, 117038, 77553
77635, 143928, 117038, 77553
77635, 143928, 117038, 77553
77635, 143928, 117038, 77553
77330, 143928, 117038, 77553
77330, 143928, 117038, 77553
77635, 143928, 117038, 77249
77330, 143928, 117038, 77553
77330, 143928, 117038, 77249
77330, 143928, 117038, 77553
77330, 143367, 117038, 77553
77330, 143928, 117038, 77553
77330, 143928, 116579, 77553
77330, 143928, 117038, 77553
77330, 143928, 117038, 77553
77330, 143928, 117038, 77553
77330, 143367, 116579, 77249
77330, 143928, 117038, 77553
77330, 143928, 117038, 77249
77330, 143928, 117038, 77249
77330, 143928, 117038, 77249
77330, 143928, 117038, 77249
77028, 143367, 116579, 77249
77028, 143367, 116579, 77249
77028, 143928, 116579, 77249
77028, 143367, 116579, 77249
77028, 143928, 116579, 77249
77028, 143367, 116579, 77249
77028, 143367, 116579, 77249
77028, 143928, 116579, 77249
77028, 143367, 116579, 77249
77028, 143367, 117038, 77249
77028, 143367, 116579, 77249
76726, 143367, 116579, 77249
76726, 143367, 116579, 77249
77028, 143367, 116579, 77249
77028, 143367, 116579, 77249
76726, 143367, 116579, 77249
76726, 143367, 116579, 77249
76726, 143367, 116579, 77249
76726, 143367, 116579, 77249
77028, 143367, 116579, 76945
76726, 143367, 116579, 77249
76726, 143367, 116579, 77249
76726, 143367, 116579, 77249
76726, 143367, 116579, 76945
76726, 142808, 116121, 76945
76726, 143367, 116579, 77249
76426, 143367, 116121, 77249
76726, 142808, 116121, 77249
76726, 142808, 116121, 76945
76426, 142808, 116579, 76945
76726, 143367, 116121, 76945
76726, 143367, 116121, 77249
76426, 142808, 116121, 76945
76726, 142808, 116121, 77249
76426, 142808, 116121, 76945
76426, 143367, 116121, 76945
76426, 142808, 116121, 76945
76426, 142808, 116121, 76945
76426, 142808, 115664, 77249
76426, 142808, 116121, 76945
76127, 142808, 116121, 76945
76426, 142808, 116121, 76945
76426, 142808, 116121, 76945
76426, 142808, 116121, 76945
76426, 142808, 116121, 76945
76426, 142808, 115664, 76945
76127, 142808, 116121, 76945
76127, 142808, 116121, 76945
76426, 142808, 116121, 76945
76426, 142808, 116121, 76945
76127, 142808, 115664, 76945
76426, 142808, 115664, 76945
76127, 142808, 116121, 76945
76127, 142808, 116121, 76945
76127, 142808, 115664, 76945
76127, 142808, 115664, 76642
76127, 142808, 115664, 76945
76127, 142808, 115664, 76945
76127, 142808, 115664, 76945
76127, 142808, 115664, 76945
76426, 142808, 115664, 76945
76127, 142808, 115664, 76945
76127, 142808, 115664, 76642
76127, 142808, 115664, 76945
76127, 142808, 115664, 76642
76127, 142808, 115664, 76945
76127, 142808, 115664, 76642
75829, 142251, 115664, 76642
75829, 142808, 115664, 76642
76127, 142808, 115664, 76642
75829, 142808, 115664, 76642
75829, 142808, 115664, 76642
75829, 142808, 115664, 76642
75829, 142251, 115664, 76642
75829, 142808, 115664, 76642
76127, 142251, 115210, 76642
75829, 142251, 115210, 76642
75829, 142251, 115210, 76642
75829, 142251, 115210, 76642
75829, 142251, 115210, 76642
75829, 142251, 115210, 76642
75829, 142808, 115664, 76642
75533, 142808, 115664, 76642
75829, 142808, 116121, 76642
75829, 142808, 116579, 76945
76127, 142808, 116579, 76945
76426, 143367, 116579, 76945
76426, 143367, 116579, 76945
76726, 143367, 117038, 77249
77028, 143367, 117038, 77249
77028, 143928, 117038, 77249
77028, 143928, 117038, 77553
77028, 143928, 117038, 77249
77330, 144492, 117500, 77553
77330, 144492, 117500, 77553
77330, 144492, 117038, 77553
77635, 144492, 117500, 77553
77635, 145057, 117500, 77553
77635, 145057, 117500, 77553
77635, 145057, 117500, 77249
77635, 145057, 117500, 77553
77940, 145625, 117500, 77553
77940, 145625, 117962, 77859
78246, 145625, 117500, 77859
77940, 145625, 117500, 77553
78246, 145625, 117500, 77553
78246, 145625, 117500, 77859
77940, 145625, 117500, 77553
77940, 146195, 117962, 77859
78246, 146195, 117500, 77859
78246, 146195, 117962, 77859
78246, 146195, 117500, 77859
78246, 146195, 117500, 77859
78554, 146195, 117500, 77859
78246, 146195, 117500, 78166
78246, 146768, 117962, 77859
78554, 146768, 117962, 77859
78554, 146195, 117962, 77859
78554, 146768, 117962, 77859
78554, 146768, 117962, 77859
78554, 146768, 117962, 77859
78554, 146768, 117962, 77859
78554, 146768, 117962, 77859
78554, 146768, 117962, 77859
78554, 146768, 117962, 77859
78864, 146768, 117962, 78166
78864, 146768, 117962, 78166
78864, 146768, 117962, 78166
78864, 146768, 117962, 78166
79174, 146768, 117962, 78166
78864, 146768, 117962, 78166
78864, 146768, 117962, 78166
78864, 146768, 117962, 78166
78864, 147343, 117962, 78166
78864, 147343, 117962, 78166
78864, 147343, 117962, 78166
78864, 147343, 118427, 78166
78864, 147343, 117962, 78166
79174, 147343, 118427, 78166
79174, 147343, 117962, 78166
79174, 147343, 118427, 78474
78864, 147343, 118427, 78166
79174, 147343, 118427, 78166
79174, 147343, 118427, 78166
79174, 147343, 118427, 78474
79174, 147343, 118427, 78474
79174, 147343, 118427, 78474
79486, 147343, 118427, 78474
79174, 147343, 118427, 78166
79174, 147343, 118427, 78474
79174, 147343, 118427, 78474
79486, 147920, 118427, 78474
79486, 147343, 118427, 78474
79174, 147343, 118427, 78474
79486, 147920, 118427, 78474
79486, 147920, 118893, 78474
79486, 147920, 118427, 78474
79486, 147343, 118427, 78474
79486, 147920, 118427, 78783
79486, 147920, 118427, 78474
79486, 147920, 118893, 78783
79486, 147920, 118893, 78783
79486, 147920, 118893, 78783
79486, 147920, 118893, 78783
79486, 147343, 118893, 78783
79799, 147920, 118893, 78783
79486, 147920, 118893, 78783
79799, 147920, 118893, 78783
79799, 147920, 118893, 78783
79799, 147920, 118893, 79094
79799, 147920, 118893, 78783
79799, 147920, 118893, 78783
79799, 147920, 118893, 78783
79799, 147920, 118893, 78783
79799, 147920, 119361, 78783
79799, 147920, 118893, 78783
79799, 148499, 119361, 78783
80114, 147920, 118893, 79094
80114, 148499, 118893, 79094
80114, 147920, 118893, 79094
79799, 147920, 119361, 79094
80114, 147920, 118893, 79094
80114, 147920, 118893, 79094
80114, 148499, 118893, 79094
80114, 148499, 118893, 79094
80114, 148499, 118893, 79094
80114, 147920, 118893, 79094
80429, 148499, 119361, 79094
80114, 147920, 119361, 79094
80114, 147920, 119361, 79094
80429, 148499, 119361, 79094
80114, 148499, 119361, 79094
80114, 147920, 119361, 79094
80429, 148499, 119361, 79094
80429, 148499, 119361, 79094
80429, 148499, 119361, 79094
80114, 148499, 119361, 79094
80429, 148499, 119361, 79405
80429, 148499, 119361, 79405
80429, 148499, 119361, 79405
80429, 148499, 119361, 79405
80429, 148499, 119361, 79405
80429, 148499, 119361, 79405
80429, 148499, 119361, 79405
80429, 148499, 119361, 79405
80429, 148499, 119361, 79405
80747, 148499, 119361, 79405
80429, 148499, 119361, 79405
80747, 148499, 119831, 79405
80747, 148499, 119361, 79405
80429, 148499, 119831, 79405
80429, 148499, 119831, 79405
80747, 148499, 119831, 79405
80747, 148499, 119361, 79405
80429, 148499, 119831, 79718
80429, 148499, 119831, 79405
80747, 148499, 119831, 79405
80747, 148499, 119831, 79718
80747, 148499, 119831, 79405
80747, 149081, 119831, 79718
80747, 149081, 119831, 79718
80747, 148499, 119831, 79718
80747, 149081, 119831, 79718
81065, 148499, 119831, 79718
80747, 149081, 119831, 79718
80747, 148499, 119831, 79718
81065, 149081, 119831, 79718
80747, 149081, 119831, 79718
81065, 149081, 120302, 79718
80747, 149081, 119831, 79718
81065, 149081, 120302, 79718
81065, 149081, 120302, 79718
81065, 149081, 120302, 79718
81065, 149081, 119831, 79718
81065, 149081, 120302, 80031
80747, 149081, 120302, 80031
81065, 149081, 120302, 79718
81065, 149081, 120302, 80031
81065, 149081, 120302, 80031
81065, 149081, 120302, 79718
81065, 149081, 120302, 80031
81065, 149081, 120302, 80031
81065, 149081, 120302, 80031
81065, 149081, 120302, 80031
81065, 149665, 120302, 80031
81065, 149081, 120302, 80031
81385, 149665, 120302, 80031
81385, 149081, 120302, 80031
81385, 149665, 120302, 80031
81065, 149081, 120776, 80031
81385, 149081, 120776, 80031
81385, 149081, 120302, 80031
81385, 149665, 120776, 80031
81385, 149081, 120776, 80346
81385, 149665, 120302, 80346
81385, 149665, 120776, 80346
81385, 149081, 120776, 80346
81385, 149665, 120776, 80346
81385, 149665, 120776, 80346
81385, 149665, 120776, 80346
81385, 149665, 120776, 80346
81385, 149665, 120776, 80346
81385, 149081, 120776, 80346
81385, 149665, 120776, 80346
81385, 149665, 120776, 80346
81385, 149665, 120776, 80346
81385, 149665, 120776, 80346
81706, 149665, 120776, 80346
81385, 149665, 120776, 80346
81706, 149665, 120776, 80346
81706, 149665, 120776, 80346
81706, 149665, 121250, 80346
81706, 149665, 120776, 80346
81706, 149665, 120776, 80346
81706, 149665, 121250, 80346
81706, 149665, 120776, 80346
81706, 149665, 120776, 80346
81706, 149665, 121250, 80662
81706, 149665, 121250, 80662
81706, 149665, 121250, 80662
81706, 149665, 121250, 80662
81706, 149665, 120776, 80662
82029, 149665, 121250, 80662
81706, 149665, 121250, 80662
81706, 149665, 121250, 80662
81706, 149665, 121250, 80662
81706, 149665, 121250, 80662
81706, 149665, 121250, 80662
81706, 150252, 121250, 80662
81706, 149665, 121727, 80662
82029, 150252, 121250, 80662
82029, 149665, 121250, 80662
81706, 150252, 121250, 80662
82029, 150252, 121250, 80662
82029, 149665, 121250, 80662
82029, 150252, 121250, 80662
82029, 150252, 121250, 80662
82029, 150252, 121250, 80979
82029, 150252, 121250, 80662
82029, 150252, 121727, 80979
82353, 150252, 121727, 80662
82029, 150252, 121250, 80979
82029, 150252, 121727, 80979
82029, 150252, 121727, 80979
82029, 150252, 121250, 80979
82029, 150252, 121250, 80979
82029, 150252, 121727, 80979
82353, 150252, 121727, 80979
82353, 150252, 121727, 80979
82029, 150252, 121727, 80979
82353, 150252, 121727, 80979
82029, 150252, 121727, 80979
82029, 150252, 121727, 81298
82353, 150252, 121727, 80979
82353, 150252, 121727, 80979
82679, 150252, 121727, 81298
82353, 150841, 121727, 80979
82353, 150252, 121727, 81298
82353, 150252, 121727, 80979
82679, 150252, 121727, 80979
82353, 150252, 121727, 81298
82353, 150252, 121727, 81298
82353, 150252, 121727, 81298
82679, 150252, 121727, 80979
82353, 150252, 121727, 81298
82353, 150252, 121727, 81298
82353, 150252, 121727, 81298
82353, 150252, 121727, 81298
82353, 150252, 122205, 81298
82679, 150252, 122205, 81298
82679, 150252, 121727, 81298
82679, 150252, 121727, 81298
82679, 150252, 122205, 81298
82353, 150252, 122205, 81298
82353, 150841, 121727, 81298
82679, 150252, 121727, 81298
82679, 150841, 122205, 81298
82679, 150841, 122205, 81298
82679, 150252, 122205, 81617
82679, 150252, 122205, 81298
82679, 150841, 122205, 81298
82679, 150841, 122205, 81298
82679, 150841, 122205, 81298
82679, 150841, 122205, 81298
82679, 150841, 122205, 81617
82679, 150841, 122205, 81617
83006, 150841, 122205, 81617
82679, 150841, 122205, 81617
83006, 150841, 122205, 81617
83006, 150841, 122205, 81298
82679, 150841, 122205, 81617
82679, 150841, 122686, 81617
82679, 150841, 122205, 81617
83006, 150841, 122205, 81617
83006, 150841, 122205, 81298
83006, 150841, 122205, 81617
83006, 150841, 122205, 81617
83006, 150841, 122205, 81617
83006, 150841, 122205, 81617
83006, 150841, 122205, 81617
83006, 150841, 122686, 81617
83006, 150841, 122686, 81617
83006, 150841, 122686, 81617
83006, 150841, 122686, 81938
83006, 150841, 122205, 81617
83006, 150841, 122686, 81617
83006, 150841, 122205, 81938
83006, 150841, 122686, 81938
83006, 150841, 122205, 81938
83006, 150841, 122205, 81617
83006, 150841, 122686, 81938
83006, 150841, 122205, 81938
83006, 150841, 122686, 81938
83006, 150841, 122686, 81938
83006, 151432, 122686, 81938
83006, 150841, 122686, 81938
83006, 151432, 122686, 81938
83006, 151432, 122686, 81938
83334, 151432, 122205, 81938
83334, 151432, 122686, 81938
83334, 151432, 122686, 81938
83006, 151432, 122686, 81938
83006, 151432, 122686, 81938
83334, 151432, 122686, 81938
83334, 151432, 122686, 81938
83334, 151432, 122686, 81938
83334, 151432, 122686, 81938
83334, 151432, 122686, 82260
83334, 151432, 122686, 81938
83334, 151432, 122686, 81938
83334, 150841, 122686, 81938
83334, 151432, 122686, 82260
83334, 151432, 123167, 82260
83334, 151432, 123167, 82260
83664, 151432, 122686, 82260
83334, 151432, 122686, 81938
83334, 151432, 122686, 82260
83334, 152026, 123167, 82260
83334, 151432, 123167, 82260
83334, 151432, 123167, 82260
83334, 151432, 123167, 82260
83334, 151432, 123167, 82260
83664, 151432, 123167, 82260
83664, 151432, 123167, 82260
83664, 151432, 123167, 82260
83664, 151432, 123651, 82260
83664, 152026, 123651, 82260
83664, 151432, 123167, 82260
83664, 151432, 123651, 82260
83664, 152026, 123167, 81938
83664, 151432, 123167, 82260
83664, 151432, 123167, 82260
83664, 152026, 123651, 82583
83664, 152026, 123167, 82260
83664, 152026, 123651, 82260
83664, 152026, 123651, 82260
83664, 152026, 123651, 82260
83664, 152026, 123651, 82583
83664, 152026, 123651, 82260
83664, 152026, 123651, 82583
83664, 151432, 123651, 82583
83664, 152026, 123651, 82583
83664, 152026, 123651, 82583
83995, 151432, 123651, 82583
83664, 152026, 123651, 82583
83664, 152026, 123651, 82583
83995, 152026, 123651, 82583
83995, 152026, 123651, 82583
83995, 152026, 123651, 82583
83995, 152026, 123651, 82583
83995, 152026, 124137, 82583
83995, 152026, 123651, 82583
83995, 152026, 124137, 82583
83995, 151432, 123651, 82583
83995, 152026, 123651, 82583
83995, 151432, 124137, 82583
83995, 152026, 124137, 82583
83995, 152026, 123651, 82907
83995, 152026, 124137, 82583
83995, 152026, 124137, 82583
84328, 152026, 123651, 82907
83995, 152026, 123651, 82583
83995, 152026, 123651, 82583
83995, 152026, 123651, 82583
83995, 152026, 123651, 82583
83995, 152026, 123651, 82583
83664, 152026, 123651, 82583
83995, 152026, 123651, 82907
83995, 152026, 123651, 82583
83995, 152026, 123651, 82583
83995, 152026, 123651, 82583
84328, 152026, 123651, 82583
83995, 152026, 123651, 82583
83995, 152026, 123651, 82583
83995, 152026, 123651, 82583
84328, 152026, 123651, 82907
84328, 152026, 123651, 82907
83995, 152026, 123651, 82907
83995, 152026, 123651, 82907
83995, 152026, 123651, 82907
84328, 152026, 123651, 82907
83995, 152026, 123651, 82907
84328, 152026, 124137, 82907
84328, 152026, 123651, 82907
83995, 152026, 123651, 82907
83995, 152026, 123651, 82907
84328, 152026, 123651, 82907
83995, 152026, 123651, 82907
84328, 152026, 123651, 82907
84328, 152026, 123651, 82907
83995, 152026, 123651, 82907
84328, 152026, 123651, 82907
83995, 152622, 123651, 82907
84328, 152026, 123651, 82907
84328, 152026, 123651, 82907
84328, 152026, 123651, 82907
84328, 152026, 123651, 82907
84328, 152026, 124137, 82907
84328, 152026, 124137, 82907
84328, 152026, 123651, 82907
84328, 152026, 123651, 82907
84328, 152026, 123651, 82907
84328, 152026, 123651, 82907
84328, 152026, 124137, 82907
84328, 152026, 124137, 82907
84328, 152026, 123651, 82907
84328, 152026, 124137, 83232
84662, 152622, 123651, 83232
84328, 152026, 124137, 82907
84328, 152026, 123651, 82907
84328, 152026, 124137, 83232
84328, 152026, 124137, 83232
84328, 152026, 124137, 82907
84662, 153221, 124137, 83232
84328, 152026, 124137, 83232
84328, 152026, 124137, 82907
84662, 152026, 124137, 83232
84328, 152026, 124137, 83232
83664, 152026, 124137, 83232
84662, 152026, 124137, 83232
84662, 152026, 124137, 83232
84662, 152622, 125604, 83232
84662, 152026, 124137, 83232
84662, 152026, 124137, 83232
84662, 152026, 124137, 83232
84328, 153221, 124137, 83232
84662, 152026, 124137, 83232
84662, 152622, 124137, 83232
84662, 152622, 124137, 83232
84662, 152026, 124137, 83232
84328, 152622, 124624, 83232
84328, 152622, 124137, 83232
84662, 152026, 124137, 83232
84662, 152622, 124624, 83232
84662, 152026, 124624, 83232
84662, 152622, 124624, 83232
84997, 152622, 124137, 83232
84662, 152622, 124137, 83232
84662, 152026, 124624, 83232
84662, 152622, 124624, 83232
84662, 152622, 124624, 83232
84662, 152622, 124137, 83559
84997, 152622, 124624, 83559
84662, 152622, 124137, 83232
84662, 152622, 124624, 83559
84662, 152622, 124137, 83559
84997, 152622, 124624, 83232
84662, 152622, 124624, 83559
84997, 152622, 124137, 83232
84662, 152622, 124137, 83559
84662, 152622, 124624, 83559
84997, 152622, 124624, 83559
84997, 152622, 124624, 83232
84997, 152622, 124624, 83232
84997, 152622, 124624, 83559
84997, 152622, 124624, 83559
84662, 153221, 124624, 83559
84662, 152622, 124624, 83559
84997, 152622, 124624, 83559
84997, 152622, 124624, 83559
84997, 152622, 124624, 83559
84997, 152622, 124624, 83559
84997, 152622, 124624, 83559
84997, 152622, 124624, 83559
84997, 152622, 124624, 83559
84997, 152622, 124624, 83559
84997, 152622, 124624, 83559
84662, 151432, 124137, 83559
84997, 152622, 124624, 83559
84997, 152622, 124624, 83559
84997, 152622, 124624, 83559
84997, 152622, 124624, 83887
84997, 152622, 124624, 83887
84997, 152622, 124624, 83559
84997, 152622, 124624, 83559
84997, 152622, 124624, 83887
85334, 152622, 124624, 83559
84997, 153221, 124624, 83887
85334, 152622, 124624, 83887
84997, 152622, 124624, 83887
84997, 152622, 124624, 83887
85334, 152622, 124624, 83887
84997, 152622, 125113, 83887
84997, 152622, 125113, 83887
85334, 152622, 125113, 83887
85334, 152622, 124624, 83887
85334, 152622, 125113, 83887
85334, 153221, 125113, 83887
85334, 152622, 125113, 83887
85334, 152622, 125113, 83887
85334, 153221, 125113, 83887
85334, 152622, 125113, 84216
85334, 153221, 125113, 83887
85334, 152622, 125113, 83887
85334, 152622, 125113, 83887
85334, 153221, 125113, 83887
85334, 153221, 125113, 83887
85334, 153221, 125113, 84216
85334, 153221, 125113, 83887
85673, 152622, 125113, 83887
85334, 152622, 125113, 84216
85334, 153221, 125113, 84216
85334, 153221, 125113, 84216
85334, 153221, 125113, 84216
85334, 153221, 125113, 84216
85334, 153221, 125113, 84216
85334, 152622, 125113, 84216
85334, 153221, 125113, 84216
85334, 153221, 125113, 84216
85673, 153221, 125604, 84216
85673, 153221, 125113, 84216
85673, 153221, 125113, 84216
85673, 153221, 125604, 84216
85673, 152622, 125604, 84216
85334, 153221, 125604, 84216
85673, 153221, 125113, 84216
85673, 153221, 125604, 84216
85673, 153221, 125113, 84216
85673, 153221, 125604, 84216
85673, 153221, 125604, 84216
85673, 153221, 125604, 84216
85673, 153221, 125604, 84216
85673, 153221, 125604, 84546
85673, 153221, 125604, 84546
85673, 153221, 125604, 84216
86013, 153221, 126097, 84546
85673, 153221, 125604, 84216
85673, 153221, 125604, 84546
86013, 153221, 125604, 84546
85673, 153221, 125604, 84216
85673, 153221, 125604, 84546
85673, 153221, 125604, 84546
86013, 153221, 126097, 84546
86013, 153221, 125604, 84546
85673, 153221, 125604, 84546
85673, 153221, 125604, 84546
85673, 153221, 125604, 84546
86013, 153221, 125604, 84546
86013, 153221, 125604, 84546
85673, 153221, 125604, 84878
86013, 153822, 125604, 84546
86013, 153221, 125604, 84546
86013, 153221, 125604, 84546
86013, 153822, 125604, 84546
86013, 153822, 126097, 84546
86013, 153221, 126097, 84546
86013, 153221, 126097, 84546
86013, 153221, 125604, 84546
86013, 153221, 126097, 84878
86013, 153221, 125604, 84546
86013, 153221, 125604, 84546
86013, 153221, 126097, 84546
86013, 153822, 125604, 84878
86355, 153221, 126097, 84878
86013, 153221, 126097, 84546
86013, 153822, 126097, 84878
86013, 153221, 126097, 84878
86013, 153822, 126097, 84878
86013, 153822, 126097, 84878
86013, 153822, 126097, 84878
86355, 153822, 126097, 84878
86013, 153822, 126097, 84878
86013, 153822, 125604, 84878
86013, 153221, 126097, 84878
86013, 153822, 126097, 84878
86355, 153221, 126097, 84878
86013, 153822, 126097, 84878
86355, 153822, 126097, 84878
86355, 153822, 126097, 84878
86013, 153822, 126097, 85211
86355, 153221, 126097, 84878
86355, 153822, 126097, 84878
86013, 153822, 126097, 84878
86013, 153221, 126097, 84878
86013, 153822, 126097, 84878
86355, 153822, 126097, 84878
86355, 153221, 126097, 84878
86355, 153822, 126591, 84878
86355, 153822, 126097, 84878
86355, 153822, 126097, 84878
86355, 153822, 126097, 84878
86355, 153822, 126591, 84878
86355, 153822, 126097, 84878
86013, 153822, 126097, 84878
86355, 153822, 126097, 84878
86355, 153822, 126097, 85211
86355, 153822, 126097, 85211
86355, 153822, 126097, 85211
86355, 153822, 126097, 85211
86355, 153221, 126097, 85545
86355, 153822, 126097, 85211
86355, 153822, 126097, 85211
86355, 153822, 126097, 85211
86355, 153822, 126097, 85211
86355, 153822, 126097, 84878
86355, 153822, 126591, 85211
86355, 154425, 126591, 84878
86355, 153822, 126097, 85211
86698, 153822, 126097, 85211
86698, 153822, 126097, 85211
86355, 153822, 126591, 85211
86355, 153822, 126591, 85211
86355, 153822, 126591, 85211
86355, 153822, 126097, 85211
86355, 153822, 126591, 85211
86698, 153822, 126591, 85211
87042, 153822, 126097, 85211
86355, 153822, 126097, 85211
86355, 153822, 126591, 85211
86698, 154425, 126591, 85545
86698, 153822, 126591, 85545
86698, 153822, 126591, 85211
86698, 153822, 126591, 85211
86698, 153822, 126591, 85211
86698, 153822, 126591, 85545
86698, 153822, 126591, 85211
86698, 153822, 126591, 85545
86698, 153822, 126591, 85211
86698, 153822, 126591, 85545
86698, 153822, 126591, 85545
87042, 153822, 126591, 85545
86698, 153822, 126591, 85545
86698, 153822, 126591, 85545
86698, 153822, 126591, 85545
86698, 153822, 126591, 85545
86698, 153822, 126591, 85211
86698, 153822, 126591, 85545
87042, 154425, 126591, 85545
86698, 153822, 126591, 85545
86698, 154425, 126591, 85545
86698, 153822, 126591, 85545
87042, 154425, 126591, 85545
87042, 153822, 126591, 85545
86698, 153822, 126591, 85545
87042, 154425, 126591, 85545
86698, 154425, 126591, 85545
87042, 154425, 126591, 85545
87042, 153822, 126591, 85545
86698, 154425, 126591, 85545
87042, 154425, 126591, 85545
86698, 154425, 126591, 85545
87042, 154425, 126591, 85880
87042, 154425, 126591, 85545
87042, 154425, 126591, 85880
87042, 154425, 126591, 85880
86698, 154425, 127088, 85545
87042, 154425, 127088, 85880
87042, 154425, 127088, 85545
87042, 154425, 127088, 85545
87042, 154425, 127088, 85880
87042, 154425, 127088, 85880
87389, 154425, 127088, 85880
87042, 154425, 127088, 85880
87042, 154425, 127088, 85880
87042, 154425, 127088, 85880
87042, 154425, 127088, 85880
87042, 154425, 127088, 85880
87042, 154425, 127088, 85880
87389, 154425, 127088, 85880
87389, 154425, 127088, 85880
87042, 154425, 127088, 85880
87042, 154425, 127088, 85880
87042, 154425, 127088, 85880
87042, 154425, 127088, 85880
87042, 155031, 127088, 85880
87389, 154425, 127088, 85880
87042, 154425, 127088, 85880
87389, 154425, 127088, 85880
87389, 154425, 127088, 85880
87389, 154425, 127088, 86216
87389, 154425, 127088, 86216
87042, 154425, 127088, 85880
87389, 154425, 127586, 85880
87389, 155031, 127088, 85880
87389, 154425, 127088, 85880
87389, 154425, 127586, 85880
87389, 154425, 127088, 86216
87389, 154425, 127586, 85880
87389, 154425, 127586, 86216
87389, 155031, 127586, 86216
87389, 154425, 127586, 86216
87389, 154425, 127586, 86216
87389, 154425, 127586, 86216
87389, 155031, 127586, 86216
87389, 155031, 127586, 86216
87389, 154425, 127586, 86216
87389, 155031, 127586, 86216
87736, 154425, 127586, 86216
87389, 154425, 127586, 86216
87389, 154425, 127586, 86216
87736, 154425, 127586, 86216
87389, 154425, 127586, 86216
87389, 155031, 127586, 86554
87389, 155031, 127586, 86216
87389, 155031, 127586, 86216
87736, 155031, 127586, 86216
87736, 155031, 127586, 86216
87389, 155031, 127586, 86554
87736, 155031, 127586, 86216
87389, 155031, 127586, 86216
87389, 155031, 127586, 86216
87736, 155031, 127586, 86216
87736, 155031, 127586, 86216
87736, 155031, 127586, 86216
87736, 155031, 127586, 86216
87389, 155031, 127586, 86554
87736, 155031, 127586, 86554
87736, 155031, 127586, 86216
87736, 155031, 128086, 86216
87736, 155031, 127586, 86554
87736, 155031, 127586, 86554
87736, 155031, 128086, 86554
87736, 154425, 128086, 86554
87736, 155031, 128086, 86554
87736, 155031, 128086, 86554
87736, 155031, 128086, 86554
87736, 155031, 128086, 86554
87736, 155031, 127586, 86554
87736, 155031, 128086, 86554
87736, 155031, 128086, 86554
87736, 155031, 128086, 86554
87736, 155031, 128086, 86554
87736, 155031, 128086, 86554
87736, 155031, 128086, 86554
87736, 155031, 128086, 86554
87736, 155031, 128086, 86554
87736, 155031, 128086, 86554
88086, 155031, 128086, 86554
87736, 155031, 128086, 86554
87736, 155031, 128086, 86893
88086, 155640, 128086, 86554
87736, 155031, 128086, 86893
88086, 155031, 128086, 86893
88086, 155031, 128086, 86893
88086, 155031, 128086, 86893
87736, 155031, 128086, 86893
88086, 155031, 128086, 86893
88086, 155031, 128086, 86893
88086, 155640, 128086, 86893
88086, 155031, 128086, 86893
88086, 155031, 128086, 86893
87736, 155031, 128086, 86893
88086, 155031, 128086, 86893
88086, 155031, 128588, 86893
88086, 155640, 128588, 86893
88086, 155031, 128588, 86893
88086, 155031, 128086, 86893
88086, 155640, 128588, 86893
88086, 155640, 128588, 87234
88086, 155640, 128588, 86893
88086, 155640, 128588, 86893
87736, 155031, 128588, 86893
88086, 155640, 128588, 86893
88086, 155640, 128588, 87234
88086, 155640, 128588, 86893
88436, 155640, 128588, 86893
88436, 155640, 128588, 86893
88086, 155640, 128588, 86893
88086, 155640, 128086, 86893
88086, 155640, 128588, 86893
88436, 155640, 128588, 86893
88436, 155640, 128588, 86893
88086, 155640, 129092, 87234
88086, 155640, 128588, 87234
88436, 155640, 128588, 87234
88436, 155640, 128588, 86893
88436, 155640, 128588, 87234
88086, 155640, 128588, 86893
88436, 155640, 128588, 87234
88086, 155640, 128588, 87234
88789, 155640, 128588, 87234
88436, 155640, 128588, 87234
88436, 155640, 128588, 87234
88436, 155640, 129092, 87234
88436, 155640, 128588, 87234
88436, 155640, 128588, 87234
88436, 155640, 128588, 87234
88436, 155640, 128588, 87234
88436, 155640, 128588, 87234
88436, 155640, 128588, 87234
88436, 155640, 128588, 87234
88436, 156251, 128588, 87234
88436, 155640, 129092, 87234
88436, 155640, 128588, 87576
88436, 155640, 129092, 87234
88436, 155640, 129092, 87234
88436, 155640, 128588, 87234
88436, 155640, 129092, 87234
88436, 155640, 129092, 87234
88436, 156251, 129092, 87234
88789, 155640, 129092, 87234
88436, 155640, 128588, 87234
88436, 156251, 129092, 87576
88436, 155640, 129092, 87576
88436, 155640, 129092, 87576
88436, 156251, 129092, 87576
88789, 156251, 129092, 87576
88789, 155640, 129092, 87576
88436, 156251, 129092, 87576
88789, 155640, 129092, 87576
88789, 156251, 129092, 87576
88789, 155640, 129092, 87576
88789, 155640, 129092, 87576
88789, 155640, 128588, 87576
88436, 156251, 129092, 87576
88789, 155640, 129092, 87576
88789, 155640, 129092, 87576
88789, 155640, 129092, 87576
88789, 155640, 129092, 87576
88789, 156251, 129092, 87576
88789, 155640, 129092, 87576
89143, 156251, 129092, 87576
88789, 156251, 129092, 87576
88789, 156251, 129092, 87919
88789, 156251, 129092, 87576
88789, 156251, 129598, 87576
88789, 155640, 129092, 87576
88789, 156251, 129598, 87576
88789, 156251, 129598, 87919
88789, 156251, 129598, 87576
88789, 156251, 129092, 87919
88436, 156251, 129598, 87576
88789, 156251, 129092, 87919
88789, 156251, 129598, 87576
88789, 156251, 129598, 87919
88789, 156251, 129598, 87919
88789, 156251, 129598, 87919
88789, 156251, 129598, 87919
88789, 156251, 129092, 87919
88789, 156251, 129598, 87919
88789, 156251, 129598, 87919
88789, 156251, 129598, 87919
88789, 156251, 129598, 87576
88789, 156251, 129598, 87576
88789, 156251, 129598, 87919
88789, 156251, 129598, 87919
88789, 156251, 129598, 87919
89143, 156251, 129598, 87919
89143, 156251, 129598, 87919
88789, 156251, 129598, 87919
88789, 156251, 129598, 87919
89143, 156251, 129598, 87919
89143, 156251, 129598, 88263
89143, 156251, 129598, 87919
89143, 156865, 129598, 87919
89143, 156251, 129598, 87919
89143, 156251, 129598, 87919
89143, 156865, 129598, 87919
89143, 156865, 129598, 87919
89143, 156251, 129598, 87919
89143, 156865, 129598, 87919
89143, 156251, 129598, 87919
89143, 156865, 129598, 87919
89143, 156865, 129598, 87919
89143, 156865, 129598, 87919
89143, 156251, 129598, 87919
89143, 156251, 129598, 87919
89143, 156251, 129598, 87919
89499, 156251, 129598, 87919
89143, 156865, 129598, 87919
89143, 156251, 130106, 87919
89143, 156865, 129598, 88263
89143, 156865, 129598, 87919
89143, 156865, 130106, 88263
89499, 156865, 129598, 88263
89143, 156865, 130106, 88263
89143, 156865, 129598, 88263
89143, 156865, 129598, 88263
89499, 156865, 129598, 88263
89143, 156865, 130106, 88263
89499, 156865, 129598, 88263
89143, 156865, 130106, 88263
89499, 156865, 130106, 88263
89499, 156865, 129598, 87919
89499, 156865, 130106, 88263
89499, 156865, 130106, 88263
89499, 156865, 130106, 88263
89499, 156865, 130106, 88263
89499, 156865, 130106, 88263
89499, 156865, 130106, 88263
89499, 157481, 130106, 88263
89499, 156865, 130106, 88263
89499, 156865, 130106, 88263
89499, 156865, 130106, 88263
89499, 157481, 130106, 88263
89499, 156865, 130106, 88263
89499, 157481, 130106, 88263
89499, 157481, 130106, 88263
89499, 156865, 130106, 88608
89499, 157481, 130106, 88608
89499, 157481, 130106, 88608
89499, 157481, 130106, 88608
89499, 157481, 130615, 88608
89499, 157481, 130106, 88608
89856, 157481, 130106, 88608
89856, 157481, 130615, 88608
89499, 157481, 130106, 88263
89856, 157481, 130106, 88608
89856, 157481, 130615, 88608
89499, 157481, 130106, 88608
89499, 157481, 130615, 88608
89856, 157481, 130615, 88608
89499, 157481, 130106, 88608
89856, 157481, 130615, 88608
89856, 157481, 130106, 88608
89856, 157481, 130615, 88608
89856, 157481, 130106, 88608
89856, 157481, 130615, 88608
89856, 157481, 130615, 88608
89856, 157481, 130615, 88608
89856, 157481, 130615, 88608
89856, 158100, 130106, 88608
89856, 157481, 130615, 88608
89856, 157481, 130615, 88608
89856, 157481, 130615, 88608
89856, 157481, 130615, 88608
89856, 158100, 130106, 88608
90215, 158100, 130615, 88608
89856, 158100, 130615, 88608
90215, 158100, 130615, 88608
89856, 158100, 130615, 88608
90215, 158100, 130615, 88608
90215, 158100, 130615, 88955
90215, 158100, 130615, 88608
90215, 158100, 130615, 88955
90215, 158100, 131127, 88955
90215, 158100, 130615, 88955
90215, 158100, 130615, 88955
90215, 158100, 130615, 88955
89856, 158100, 130615, 88955
90215, 158100, 130615, 88955
90215, 158100, 130615, 88955
89856, 158100, 130615, 88955
89856, 158100, 130615, 88955
90215, 158100, 130615, 88955
90215, 158100, 130615, 88955
90215, 158100, 130615, 88955
90215, 158100, 130615, 88955
90575, 158100, 130615, 88955
90215, 158100, 130615, 88955
90215, 158100, 130615, 88608
90215, 158100, 130615, 88955
90215, 158100, 130615, 88955
90575, 158721, 131127, 88955
90215, 158100, 131127, 88955
90215, 158100, 130615, 88955
90215, 158100, 130615, 88955
90215, 158100, 130615, 88955
90215, 158100, 131127, 88955
90215, 158100, 130615, 88955
90215, 158100, 130615, 88955
90215, 158721, 131127, 88955
90575, 158721, 131127, 88955
90215, 158100, 131127, 89304
90575, 158721, 131127, 88955
90215, 158721, 130615, 88955
90215, 158721, 131127, 89304
90575, 158721, 131127, 89304
90575, 158721, 131127, 89304
90215, 158100, 131127, 88955
90215, 158100, 131127, 89304
90215, 158721, 131127, 89304
90575, 158721, 131127, 89304
90575, 158721, 131127, 89304
90575, 158721, 131127, 89304
90575, 158721, 131127, 89304
90575, 158721, 131127, 89304
90575, 158721, 131127, 89304
90575, 159345, 131127, 89304
90937, 158721, 131127, 89304
90575, 158721, 131127, 89304
90575, 158721, 131127, 89304
90575, 158721, 131127, 89304
90575, 158721, 131127, 89653
90575, 158721, 131127, 89304
90937, 158721, 131127, 89304
90575, 158721, 131127, 89304
90575, 158721, 131127, 89304
90575, 159345, 131127, 89304
90575, 158721, 131640, 89653
90575, 159345, 131640, 89304
90575, 159345, 131127, 89304
90937, 158721, 131640, 89304
90575, 159345, 131640, 89304
90575, 159345, 131640, 89304
90575, 159345, 131127, 89653
90937, 159345, 131640, 89304
90937, 158721, 131127, 89653
90575, 159345, 131640, 89653
90937, 158721, 131640, 89304
90937, 158721, 131640, 89653
90937, 159345, 131640, 89653
90937, 159345, 131640, 89653
90937, 159345, 131640, 89304
90937, 159345, 131127, 89653
90937, 159345, 131640, 89653
90937, 159345, 131640, 89304
90937, 159345, 131640, 89653
90937, 159345, 131640, 89304
90937, 159345, 131640, 89653
90937, 159345, 131640, 89653
90937, 159345, 131640, 89653
90937, 159345, 131640, 89653
90937, 159345, 131640, 89653
90937, 159345, 131640, 89653
90937, 159345, 131640, 89653
91301, 159345, 131640, 89653
90937, 159345, 131640, 89653
90937, 159345, 131127, 89653
90937, 159345, 131640, 89653
91301, 159345, 132156, 89653
90937, 159345, 131640, 89653
90937, 159345, 131640, 89653
91301, 159345, 131640, 89653
91301, 159971, 131640, 89653
91301, 159345, 131640, 89653
91301, 159345, 131640, 89653
91301, 159971, 131640, 89653
91301, 159971, 132156, 90004
91301, 159345, 132156, 90004
91301, 159971, 132156, 89653
91301, 159345, 132156, 90004
91301, 159345, 132156, 90004
91301, 159971, 132156, 90004
91301, 159971, 132156, 90004
91301, 159345, 131640, 90004
91301, 159971, 132156, 90004
91301, 159971, 131640, 90004
91301, 159345, 132156, 90004
90937, 159971, 132156, 90004
91301, 159971, 132156, 90004
91301, 159971, 132156, 90004
91301, 159971, 132156, 90004
91301, 159971, 132674, 90004
91301, 159971, 132156, 90004
91301, 159971, 132156, 90004
91301, 159971, 132156, 90004
91301, 159971, 132156, 90004
91301, 159971, 132156, 90004
91301, 159971, 132156, 90004
91301, 159971, 132156, 90004
91301, 159971, 132156, 90004
91301, 159971, 132156, 90004
91667, 159971, 132156, 90004
91301, 160600, 132156, 90357
91301, 159971, 132156, 90357
91667, 160600, 132156, 90357
91667, 159971, 132156, 90357
91667, 159971, 132156, 90357
91667, 159971, 132156, 90357
91301, 160600, 132156, 90357
91301, 159971, 132156, 90004
91667, 159971, 132156, 90357
91667, 160600, 132156, 90357
91301, 160600, 132156, 90357
91667, 159971, 132156, 90357
91667, 160600, 132156, 90357
91667, 160600, 132156, 90357
91667, 159971, 132156, 90357
91667, 160600, 132156, 90357
91667, 160600, 132156, 90357
91667, 160600, 132674, 90357
91667, 160600, 132674, 90357
91667, 160600, 132674, 90357
91667, 160600, 132674, 90357
91667, 160600, 132674, 90357
91667, 160600, 132674, 90357
91667, 160600, 132674, 90357
92034, 160600, 132674, 90357
91667, 160600, 132674, 90357
91667, 160600, 132156, 90357
92034, 160600, 132674, 90357
91667, 160600, 132674, 90357
91667, 160600, 132674, 90357
91667, 160600, 132674, 90357
91667, 160600, 132674, 90710
91667, 160600, 132674, 90710
92034, 160600, 132674, 90710
91667, 160600, 132674, 90710
92034, 160600, 132674, 90710
91667, 160600, 132674, 90710
92034, 160600, 132674, 90710
92034, 160600, 132674, 90710
92034, 160600, 132674, 90710
91667, 160600, 132674, 90710
92034, 160600, 132674, 90710
91667, 161232, 132674, 90710
92034, 160600, 132674, 90710
91667, 161232, 132674, 90710
91667, 160600, 132674, 90710
92034, 161232, 132674, 90710
91667, 160600, 132674, 90710
92034, 161232, 133193, 90710
92034, 161232, 132674, 90710
92034, 161232, 133193, 90710
92034, 161232, 133193, 90710
92034, 161232, 133193, 90710
92034, 161232, 133193, 90710
92034, 161232, 132674, 90710
92034, 161232, 133193, 90710
91667, 161232, 133193, 90710
92403, 161232, 133193, 90710
92403, 161232, 133193, 90710
92034, 161232, 133193, 90710
92034, 161232, 133193, 90710
92034, 161232, 133193, 90710
92034, 161232, 133193, 91065
92034, 161232, 133193, 91065
92403, 161232, 133193, 90710
92403, 161232, 133193, 91065
92403, 161232, 133193, 91065
92403, 161232, 133193, 91065
92034, 161232, 133193, 91065
92034, 161232, 133193, 91065
92403, 161232, 133193, 91065
92403, 161232, 133193, 91065
92403, 161232, 133714, 91065
92403, 161232, 133193, 91065
92403, 161232, 133193, 91065
92403, 161867, 133193, 91065
92403, 161867, 133193, 91065
92034, 161232, 133193, 91065
92403, 161232, 133193, 91065
92034, 161867, 133714, 91065
92403, 161867, 133714, 91422
92403, 161232, 133193, 91422
92403, 161232, 132156, 91422
92403, 161232, 133193, 90710
92403, 161232, 133714, 91065
92403, 161232, 133193, 91065
92403, 161867, 133193, 91422
92403, 159345, 133193, 91780
92403, 161232, 133714, 91065
92403, 161867, 133714, 91065
92403, 161867, 133714, 91422
92403, 161867, 133714, 91422
92403, 161867, 133714, 91065
92403, 161867, 133193, 91065
92403, 161232, 133714, 91065
92403, 161867, 133714, 91422
92774, 161867, 133714, 91422
92774, 161867, 133714, 91422
92774, 161867, 133714, 91065
92774, 161867, 133193, 91422
92774, 161867, 134238, 91780
92774, 161867, 133714, 91422
92774, 161867, 133714, 91422
92774, 161867, 133714, 91065
92403, 161867, 133714, 91422
92774, 161867, 133714, 91422
92774, 161867, 133714, 91422
93146, 161867, 133714, 91422
92774, 161867, 133714, 91422
92774, 161867, 134238, 91780
92403, 161867, 133714, 91422
93146, 162504, 133714, 91422
92774, 161867, 133714, 91422
92774, 161867, 133714, 91422
92774, 161867, 133714, 91422
92774, 161867, 133714, 91422
92774, 162504, 133714, 91422
92774, 161867, 133714, 91422
92774, 162504, 134238, 91422
92774, 162504, 134238, 91780
92774, 161867, 133714, 91422
93146, 162504, 133714, 91780
92774, 162504, 134238, 91422
92774, 161867, 134238, 91780
92774, 161867, 133714, 91422
92774, 162504, 134238, 91780
92774, 162504, 134238, 91780
93146, 162504, 134238, 91780
92774, 162504, 134238, 91780
92774, 162504, 134238, 91780
93146, 162504, 134238, 91780
92774, 162504, 133714, 91780
93146, 162504, 134238, 91780
92774, 161867, 134238, 91780
93146, 162504, 134238, 91780
92774, 162504, 133714, 91780
93146, 162504, 134238, 91780
92774, 162504, 134238, 91780
92774, 162504, 134763, 91780
92774, 162504, 133714, 91780
93146, 162504, 134238, 91780
93146, 161867, 134238, 91780
93520, 162504, 134238, 91780
92774, 162504, 134238, 92139
93146, 162504, 134238, 91780
93146, 162504, 134238, 91780
93146, 162504, 134238, 91780
93146, 162504, 134238, 91780
93146, 163144, 134238, 91780
93146, 162504, 134238, 91780
93146, 162504, 134238, 91780
93146, 162504, 134238, 91780
93146, 163144, 134238, 91780
93146, 162504, 134238, 92139
93146, 162504, 134238, 91780
93146, 162504, 134238, 92139
93146, 162504, 134238, 91780
93146, 162504, 134238, 91780
93146, 163786, 134763, 92139
93146, 163144, 134238, 91780
93520, 162504, 134238, 92139
93520, 163144, 134238, 92500
93146, 162504, 134238, 92139
93146, 163144, 134763, 92139
93520, 163144, 134763, 92139
93146, 163144, 134763, 92139
93520, 162504, 134763, 92139
93146, 162504, 134763, 92139
93146, 163144, 134763, 92139
93146, 163144, 134763, 91422
93146, 163144, 134763, 92139
93520, 163144, 134763, 92139
93520, 163144, 134763, 92139
93520, 163144, 134763, 92139
93520, 163144, 134763, 92500
93520, 163144, 134763, 92139
93146, 163144, 134763, 92139
93520, 163144, 134763, 92139
93520, 163144, 134763, 92139
93520, 163144, 134763, 92500
93520, 163144, 134763, 92500
93520, 163144, 134763, 92139
93520, 163144, 134763, 92500
93520, 163144, 134763, 92139
93520, 163144, 134763, 92139
93520, 163144, 134763, 92500
93520, 163144, 134763, 92500
93520, 163144, 134763, 92500
93520, 163144, 134763, 92139
93520, 163144, 134763, 92500
93520, 163144, 134763, 92500
93520, 163144, 134763, 92139
93896, 163144, 134763, 92500
93520, 163144, 135291, 92500
93520, 163786, 134763, 92139
93520, 163786, 134763, 92500
93520, 163144, 134763, 92500
93520, 163786, 134763, 92500
93520, 163786, 134763, 92500
93520, 163786, 135291, 92500
93896, 163786, 134763, 92500
93896, 163144, 134763, 92500
93520, 163786, 134763, 92500
93896, 163144, 134763, 92500
93520, 163786, 134763, 92500
93520, 163786, 134763, 92500
93896, 163786, 134763, 92500
93520, 163786, 135291, 92500
93520, 163144, 135291, 92500
93896, 163786, 134763, 92500
93896, 163786, 134763, 92500
93896, 163786, 134763, 92862
93896, 163786, 135291, 92500
93520, 163786, 135291, 92862
93520, 163786, 135291, 92862
93896, 163786, 135291, 92862
93896, 163786, 134763, 92500
93896, 163786, 135291, 92500
93896, 163786, 135291, 92500
93896, 163786, 135291, 92500
93896, 163786, 135291, 92500
93896, 163786, 135821, 92500
93896, 164431, 135291, 92862
93520, 163786, 135821, 92862
93896, 163786, 135291, 92862
93896, 163786, 135291, 92862
93896, 163786, 135291, 92862
93896, 163786, 135291, 92862
93896, 163786, 135291, 92862
93896, 163786, 135291, 92862
93896, 163786, 135291, 92862
93896, 163786, 135291, 92862
94273, 163786, 135291, 92862
93896, 163786, 135291, 92862
94273, 163786, 135291, 92862
93896, 163786, 135291, 92862
93896, 163786, 135291, 92862
93896, 164431, 135291, 92862
94273, 164431, 135291, 92862
94273, 164431, 135291, 92862
94273, 163786, 135291, 92862
93896, 164431, 135821, 92862
94273, 164431, 135821, 92862
94273, 164431, 135291, 92862
94273, 164431, 135821, 92862
94273, 164431, 135291, 92862
94273, 164431, 135291, 92862
93896, 164431, 135821, 92862
94273, 164431, 135821, 92862
94273, 164431, 135821, 93225
94653, 164431, 135821, 93225
94273, 164431, 135821, 92862
94273, 165079, 135821, 93225
94273, 164431, 135821, 93225
94273, 164431, 135821, 92862
94273, 164431, 135821, 93225
94273, 165079, 135291, 93225
94653, 164431, 135821, 93225
94273, 164431, 136352, 93225
94273, 165079, 135821, 93225
94273, 165079, 135821, 93225
94273, 164431, 135821, 93225
94273, 165079, 135821, 93225
94273, 165079, 135821, 93225
94273, 165079, 135821, 93225
94273, 165079, 135821, 93225
94273, 165079, 135821, 93225
94273, 165079, 135821, 93225
94653, 165079, 135821, 93225
94653, 165079, 135821, 93225
94653, 165079, 136352, 93225
94653, 165079, 135821, 93590
94653, 165079, 135821, 93225
94653, 165079, 136352, 93225
94653, 165079, 135821, 93225
94653, 165079, 136352, 93225
94653, 165079, 135821, 93225
94653, 165730, 136352, 93225
94653, 165079, 135821, 93225
94653, 165079, 136352, 93225
94653, 165730, 136352, 93225
94653, 165730, 136352, 93225
95034, 165079, 136352, 93225
94653, 165730, 136352, 93590
94653, 165730, 136352, 93225
94653, 165079, 136352, 93590
94653, 165730, 136352, 93590
94653, 165730, 136352, 93590
94653, 165730, 136352, 93590
95034, 165730, 136886, 93590
95034, 165079, 136352, 93590
94653, 165079, 136352, 93590
94653, 165079, 136352, 93590
94653, 165730, 136352, 93590
95034, 165730, 136352, 93590
95034, 165730, 136352, 93590
95034, 165730, 136352, 93590
94653, 165730, 136352, 93590
95034, 165730, 136352, 93590
95034, 165730, 136352, 93590
95034, 165730, 136352, 93956
95034, 166384, 136352, 93590
94653, 165730, 136352, 93590
95034, 165730, 136886, 93590
95034, 165730, 136352, 93590
95417, 165730, 136886, 93590
95034, 166384, 136886, 93590
95034, 166384, 136886, 93956
95034, 165730, 136886, 93590
95417, 166384, 136886, 93590
95417, 166384, 136352, 93590
95034, 165730, 136886, 93590
95034, 166384, 136886, 93956
95417, 166384, 136886, 93590
95034, 166384, 136886, 93956
95417, 166384, 136886, 93956
95417, 166384, 136886, 93956
95417, 166384, 136886, 93956
95034, 166384, 136886, 93956
95034, 166384, 136886, 93956
95034, 166384, 136886, 93956
95417, 166384, 136886, 93956
95417, 166384, 136886, 93956
95417, 166384, 136886, 93956
95417, 166384, 136886, 93956
95417, 166384, 136886, 93956
95417, 166384, 136886, 93956
95417, 167040, 136886, 93956
95417, 166384, 137422, 93956
95417, 166384, 136886, 93956
95417, 167040, 136886, 93956
95801, 167040, 136886, 94324
95801, 167040, 137422, 93956
95417, 167040, 137422, 93956
95801, 167040, 136886, 93956
95417, 167040, 137422, 94324
95801, 167040, 137422, 93956
95417, 167040, 137422, 93956
95801, 167040, 137422, 93956
95417, 167040, 137422, 94324
95801, 167040, 137422, 94324
95801, 167040, 137422, 94324
95801, 167699, 137422, 94324
95801, 167040, 137422, 94324
95801, 167040, 137422, 93956
95801, 167040, 137422, 94324
95801, 167040, 137422, 94324
95417, 167040, 137422, 93956
95417, 167040, 137422, 93956
95801, 167040, 137422, 94324
95801, 167699, 137422, 94324
95801, 167699, 137422, 94324
95801, 167040, 136886, 94324
95801, 167040, 137422, 94324
95801, 167699, 137422, 94324
96188, 167699, 137422, 94324
95801, 167699, 137422, 94693
95801, 167699, 137422, 94324
96188, 167699, 137422, 94693
95801, 167699, 137422, 94693
95801, 167699, 137960, 94324
96188, 167699, 137960, 94693
96188, 167699, 137422, 94324
95801, 167699, 137960, 94324
96188, 167699, 137960, 94693
96188, 167699, 137960, 94324
96188, 167699, 137960, 94693
96188, 168362, 137960, 94324
96188, 167699, 137960, 94693
95801, 167699, 137960, 94693
96188, 167699, 137960, 94693
96188, 167699, 137960, 94693
96188, 168362, 137960, 94693
96188, 168362, 137960, 94693
96188, 168362, 137960, 94693
96188, 168362, 137960, 94693
96188, 168362, 137960, 94693
96188, 168362, 137960, 94693
96188, 168362, 137960, 94693
96188, 168362, 137422, 94693
96188, 168362, 137960, 94693
96188, 168362, 137960, 94693
96188, 168362, 137960, 94693
96576, 168362, 137960, 95064
96576, 168362, 138500, 94693
96188, 168362, 137960, 94693
96188, 168362, 138500, 94693
96188, 168362, 137960, 95064
96188, 168362, 137960, 95064
96576, 168362, 137960, 95064
96576, 168362, 137960, 94693
96188, 168362, 137960, 94693
96188, 168362, 137960, 95064
96188, 168362, 137960, 95064
96576, 168362, 137960, 95064
96576, 168362, 137960, 95064
96576, 168362, 138500, 95064
96576, 168362, 138500, 95064
96576, 169026, 138500, 95064
96576, 169026, 138500, 95064
96966, 169026, 138500, 95064
96576, 169026, 138500, 95064
96576, 168362, 138500, 95064
96576, 168362, 138500, 95064
96576, 169026, 138500, 95064
96576, 169026, 138500, 95064
96576, 169026, 138500, 94693
96576, 169026, 138500, 95064
96576, 169026, 138500, 95064
96576, 169026, 138500, 95064
96576, 169026, 138500, 95064
96576, 169026, 138500, 95064
96576, 169026, 138500, 95436
96576, 169026, 138500, 95064
96576, 169026, 138500, 95064
96576, 169026, 138500, 95064
96576, 169026, 138500, 95064
96966, 169026, 138500, 95064
96576, 169026, 138500, 95436
96966, 169694, 138500, 95064
96966, 169694, 138500, 95064
96576, 169026, 138500, 95436
96576, 169026, 138500, 95436
96966, 169026, 138500, 95436
96966, 169694, 138500, 95064
96966, 169694, 138500, 95436
96966, 169026, 138500, 95436
96966, 169694, 138500, 95436
96966, 169694, 138500, 95436
96966, 169694, 138500, 95436
96966, 169694, 138500, 95436
96966, 169694, 138500, 95436
96966, 169694, 138500, 95436
96966, 169694, 139042, 95436
96966, 169694, 139042, 95436
96966, 169694, 138500, 95436
96966, 169694, 139042, 95436
96966, 169694, 139042, 95436
96966, 169694, 139042, 95436
96966, 169694, 139042, 95436
96966, 169694, 138500, 95436
96966, 169694, 139042, 95436
96966, 169694, 139042, 95436
96966, 169694, 139042, 95810
96966, 169694, 139042, 95810
96966, 170365, 139042, 95436
96966, 170365, 139042, 95810
97359, 169694, 139042, 95436
96966, 169694, 139042, 95810
97359, 169694, 139042, 95810
97359, 170365, 139042, 95810
96966, 169694, 139042, 95436
96966, 170365, 139042, 95810
96966, 170365, 139042, 95810
97359, 170365, 139042, 95810
97359, 170365, 139042, 95436
97359, 170365, 139042, 95810
96966, 170365, 139042, 95810
97359, 170365, 139042, 95810
97359, 170365, 139042, 95810
97359, 170365, 139042, 95810
97359, 170365, 139042, 95436
97359, 170365, 139042, 95810
97359, 170365, 139042, 95810
97359, 170365, 139042, 95810
97359, 170365, 139042, 95810
97752, 170365, 139586, 95810
97359, 170365, 139042, 95810
97359, 170365, 139042, 95810
97359, 170365, 139042, 95810
97359, 170365, 139586, 95810
96966, 170365, 139586, 95810
97359, 171039, 139586, 95810
97752, 170365, 139586, 95810
97359, 171039, 139586, 96185
97359, 171039, 139586, 95810
97752, 171039, 139586, 95810
97359, 171039, 139586, 95810
97359, 170365, 139586, 95810
97359, 171039, 139586, 96185
97752, 171039, 139586, 95810
97359, 171039, 139586, 96185
97359, 171039, 139586, 95810
97359, 171039, 139586, 96185
97752, 171039, 139586, 96185
97752, 171039, 139586, 96185
97752, 171039, 139586, 96185
97752, 171039, 139586, 96185
97752, 171039, 139586, 96185
97752, 171039, 139586, 96185
97752, 171039, 139586, 96185
97752, 171039, 139586, 96185
97752, 171039, 139586, 96185
97752, 171715, 139586, 96185
97752, 171039, 139586, 96185
97752, 171039, 139586, 96185
97752, 171039, 139586, 96185
97752, 171039, 140132, 96185
97752, 171715, 139586, 96185
97752, 171715, 139586, 96185
97752, 171039, 140132, 96185
97752, 171715, 139586, 96561
97752, 171715, 140132, 96561
97752, 171039, 139586, 96185
97752, 171715, 140132, 96561
97752, 171715, 140132, 96561
97752, 171715, 140132, 96561
98148, 171715, 140132, 96561
97752, 171715, 140132, 96561
97752, 171715, 140132, 96561
97752, 171715, 140132, 96561
97752, 171715, 140132, 96561
97752, 171715, 140132, 96561
98148, 171715, 140132, 96561
98148, 171715, 140132, 96561
98148, 171715, 140132, 96561
97752, 171715, 140132, 96561
98148, 171715, 140132, 96561
98148, 171715, 140132, 96561
98148, 171715, 140132, 96561
98148, 171715, 140132, 96561
98148, 171715, 140132, 96561
98148, 171715, 140132, 96561
98148, 172395, 140681, 96561
98148, 172395, 140681, 96561
98148, 172395, 140681, 96939
98148, 172395, 140132, 96561
98148, 171715, 140681, 96939
98148, 172395, 140681, 96561
98546, 172395, 140132, 96561
98148, 171715, 140132, 96939
98148, 172395, 140681, 96939
98148, 172395, 140681, 96939
98148, 172395, 140681, 96939
98148, 172395, 140681, 96939
98546, 172395, 140681, 96939
98148, 172395, 140681, 96939
98546, 172395, 140681, 96939
98148, 172395, 140681, 96939
98148, 172395, 140681, 96939
98148, 172395, 140681, 96939
98546, 172395, 140681, 96939
98148, 172395, 140681, 96939
98148, 172395, 140681, 96939
98546, 172395, 140681, 96939
98546, 172395, 140681, 96939
98546, 172395, 140681, 96939
98148, 172395, 140681, 96939
98546, 173077, 140681, 96939
98546, 173077, 141231, 97319
98546, 173077, 140681, 97319
98546, 172395, 140681, 97319
98546, 173077, 140681, 96939
98546, 173077, 141231, 96939
98546, 173077, 141231, 96939
98546, 173077, 140681, 97319
98546, 173077, 141231, 97319
98546, 173077, 141231, 97319
98546, 173077, 140681, 97319
98546, 173077, 141231, 97319
98546, 173077, 140681, 96939
98546, 173077, 141231, 97319
98546, 173077, 140681, 97700
98546, 173077, 141231, 97319
98546, 173077, 141231, 97319
98546, 173077, 141231, 97319
98546, 173077, 141231, 97319
98546, 173077, 141231, 97319
98546, 173763, 141231, 97319
98546, 173077, 141231, 97319
98946, 173077, 140681, 97319
98946, 173763, 141231, 97319
98946, 173077, 141231, 97319
98546, 173077, 141231, 97319
98546, 173763, 141231, 97319
98946, 173763, 141231, 97319
98946, 173763, 140681, 97319
98946, 173763, 141231, 97700
98946, 173763, 141231, 97319
98946, 173763, 141231, 97319
98946, 173763, 141231, 97700
98946, 173763, 141231, 97700
98946, 173763, 141231, 97319
98946, 173763, 141231, 97700
98546, 173763, 141231, 97319
98946, 173763, 141231, 97700
98946, 173763, 141231, 97700
98946, 173763, 141231, 97700
98946, 173763, 141231, 97700
98946, 173763, 141231, 97700
98946, 173763, 141231, 97700
98946, 173763, 141231, 97700
98946, 173763, 141231, 97700
98946, 173763, 141784, 97700
98946, 173763, 141784, 97319
98946, 173763, 141231, 97700
98946, 173763, 141784, 97700
99347, 173763, 141231, 97700
99347, 174451, 141784, 97700
98946, 173763, 141231, 97700
98946, 173763, 141784, 97700
99347, 174451, 141231, 97700
99347, 174451, 141231, 97700
98946, 174451, 141231, 97700
98946, 174451, 141784, 97700
98946, 174451, 141784, 97700
98946, 174451, 141231, 98083
98946, 174451, 142339, 97700
98946, 174451, 141231, 98083
98946, 174451, 141784, 97700
98946, 174451, 141784, 97700
98946, 174451, 141784, 98083
99347, 174451, 141784, 97700
99347, 174451, 141784, 97700
99347, 174451, 141784, 98083
98946, 173763, 141784, 97700
99347, 174451, 141784, 98083
99347, 174451, 141231, 97700
99347, 174451, 141784, 98083
99347, 174451, 141231, 97700
99347, 174451, 141784, 98083
99347, 174451, 141784, 98083
99347, 174451, 141784, 98083
99347, 174451, 141231, 98467
99347, 174451, 142339, 98083
99347, 174451, 141784, 98083
99347, 174451, 141784, 98083
99347, 175143, 141784, 98083
99347, 175143, 141784, 98083
99347, 174451, 141784, 98083
99347, 175143, 141784, 98083
99347, 175143, 141784, 98083
99347, 174451, 141784, 98083
99347, 175143, 141784, 98083
98946, 175143, 141784, 98083
99347, 175143, 141784, 98083
99347, 175143, 141784, 98083
99347, 175143, 141784, 98083
99751, 175143, 142339, 98083
99347, 175143, 142339, 98083
99347, 175143, 141784, 98467
99751, 175143, 141784, 98083
99347, 175143, 142339, 98083
99751, 175837, 142339, 98083
99751, 175143, 142339, 98467
99347, 175143, 142339, 98467
99347, 175143, 142339, 98467
99347, 175143, 142339, 98467
99751, 175143, 142339, 98467
99347, 175837, 142339, 98467
99751, 175143, 142339, 98467
99751, 175143, 142339, 98467
99751, 175837, 142339, 98467
99751, 175143, 142339, 98467
99751, 175143, 141784, 98467
99751, 175837, 142339, 98467
99751, 175143, 142896, 98467
99751, 175143, 142339, 98467
99751, 175837, 142339, 98467
99751, 175143, 142339, 98467
99751, 175837, 142339, 98467
99751, 175837, 142339, 98467
99751, 175143, 142339, 98467
100156, 175837, 142339, 98467
99751, 175837, 141784, 98467
99751, 175837, 142339, 98467
100156, 175837, 142339, 98467
99751, 175837, 142339, 98853
99751, 175837, 142339, 98467
100156, 175837, 142339, 98467
99751, 175837, 142339, 98467
100156, 175837, 142339, 98853
99751, 176535, 142896, 98467
99751, 175837, 142896, 98853
99751, 175837, 142339, 98853
99751, 175837, 142896, 98467
100156, 175837, 142896, 98853
99751, 175837, 142339, 98853
99751, 175837, 142896, 98853
100156, 176535, 142896, 98853
100156, 175837, 142896, 98853
100156, 175837, 142896, 98853
100156, 176535, 142896, 98853
100156, 176535, 142896, 98853
100156, 176535, 142896, 98853
100156, 176535, 142339, 98853
100156, 175837, 142896, 98853
100156, 176535, 142896, 98853
100156, 176535, 142896, 98853
100156, 176535, 142896, 98853
99751, 176535, 142896, 98853
100564, 176535, 142896, 98853
100156, 176535, 142896, 98853
100156, 176535, 142896, 98853
100156, 176535, 142896, 98853
100156, 176535, 142896, 98853
100156, 176535, 142896, 98853
100156, 176535, 142896, 98853
100156, 176535, 142896, 98853
100156, 176535, 142896, 99240
100156, 176535, 143456, 98853
100156, 176535, 142896, 98853
100156, 176535, 143456, 99240
100564, 176535, 142896, 98853
100156, 176535, 143456, 99240
100156, 176535, 143456, 98853
100156, 177236, 142896, 98853
100564, 176535, 143456, 99240
100156, 176535, 142896, 99240
100156, 177236, 143456, 99240
100564, 177236, 143456, 99240
100564, 177236, 142896, 99240
100564, 177236, 142896, 99240
100564, 177236, 142896, 99240
100156, 177236, 142896, 99240
100564, 177236, 143456, 99240
100564, 177236, 143456, 99240
100156, 177236, 143456, 99240
100564, 177236, 143456, 99240
100564, 177236, 142896, 99240
100564, 177236, 143456, 99240
100564, 177236, 143456, 99240
100564, 177236, 143456, 99240
100564, 177236, 143456, 99240
100156, 177236, 143456, 99240
100564, 177236, 143456, 99240
100564, 177236, 143456, 99240
100564, 177236, 143456, 99240
100564, 177236, 143456, 99240
100564, 177236, 143456, 99240
100973, 177236, 142896, 99240
100564, 177236, 143456, 99240
100564, 177236, 143456, 99240
100564, 177236, 143456, 99240
100973, 177940, 143456, 99240
100564, 177236, 143456, 99629
100564, 177236, 143456, 99629
100564, 177940, 143456, 99240
100564, 177940, 143456, 99629
100973, 177940, 143456, 99629
100564, 177940, 143456, 99629
100564, 177940, 143456, 99629
100564, 177940, 143456, 99629
100564, 177940, 143456, 99629
100973, 177236, 143456, 99629
100973, 177940, 143456, 99240
100564, 177236, 143456, 99629
100564, 177940, 143456, 99629
100564, 177940, 143456, 99629
100564, 177940, 144017, 99629
100564, 177940, 143456, 99629
100564, 177940, 144017, 99629
100973, 177940, 143456, 99629
100973, 177940, 144017, 99629
100973, 177940, 144017, 99629
100973, 177940, 144017, 99629
100564, 177940, 144017, 99629
100973, 177940, 143456, 99629
100973, 177940, 144017, 99629
100564, 177940, 144017, 99629
100973, 177940, 144017, 99629
100973, 177940, 144017, 99629
100973, 177940, 144017, 100020
100973, 177940, 144017, 100020
100564, 177940, 144017, 100020
100973, 177940, 144017, 100020
100973, 177940, 144017, 100020
100564, 177940, 144017, 100020
100973, 177940, 144017, 100020
101384, 177940, 144017, 100020
100973, 177940, 144017, 100020
100973, 178647, 144017, 100020
101384, 178647, 144017, 100020
100973, 178647, 144581, 100020
100973, 177940, 144581, 100020
100973, 178647, 144017, 100020
100973, 178647, 144581, 100020
100973, 178647, 144017, 100020
101384, 178647, 144017, 100020
100973, 178647, 144017, 100020
100973, 178647, 144017, 100020
101384, 178647, 144017, 100020
101384, 178647, 144017, 100020
100973, 178647, 144017, 100020
100973, 178647, 144017, 100020
100973, 179357, 144581, 100020
101384, 178647, 144017, 100412
101384, 178647, 144581, 100020
100973, 178647, 144017, 100020
101384, 178647, 144581, 100020
100973, 178647, 144581, 100412
101384, 178647, 144017, 100020
101384, 178647, 144581, 100020
101384, 178647, 144581, 100020
101384, 178647, 144581, 100020
101384, 178647, 144581, 100412
101384, 179357, 144017, 100020
100973, 179357, 144581, 100412
101384, 179357, 144581, 100412
101384, 178647, 144581, 100412
101384, 179357, 145147, 100412
101384, 179357, 145147, 100412
101384, 179357, 144581, 100412
101384, 179357, 144581, 100412
101384, 179357, 144581, 100412
101384, 178647, 144581, 100412
101384, 179357, 144581, 100412
101384, 179357, 144581, 100412
101384, 179357, 144581, 100412
101384, 179357, 144581, 100412
101384, 179357, 144581, 100412
101798, 179357, 144581, 100412
101384, 179357, 144581, 100412
101384, 179357, 144581, 100412
101384, 179357, 144581, 100412
101384, 179357, 145147, 100412
101384, 179357, 144581, 100412
101384, 179357, 144581, 100412
101384, 179357, 144581, 100412
101384, 179357, 144581, 100412
101384, 179357, 144581, 100412
101384, 179357, 144581, 100412
101384, 179357, 144581, 100412
101384, 180070, 144581, 100412
101384, 179357, 145147, 100412
101384, 179357, 144581, 100412
101384, 179357, 145147, 100412
101384, 179357, 144581, 100412
101384, 179357, 145147, 100412
101384, 179357, 144581, 100412
101384, 179357, 144581, 100412
101384, 179357, 144581, 100412
101384, 179357, 144581, 100412
101384, 179357, 144581, 100806
101384, 179357, 145147, 100806
101798, 179357, 144581, 100412
101798, 180070, 145147, 100806
101384, 179357, 145147, 100806
101384, 179357, 145147, 100806
101384, 179357, 145147, 100412
101384, 179357, 145147, 100806
101798, 179357, 145147, 100806
101384, 179357, 145147, 100806
101798, 179357, 145147, 100806
101384, 179357, 145147, 100806
101384, 180070, 145147, 100806
101384, 180070, 144581, 100806
101798, 180070, 145147, 100806
101798, 179357, 145147, 100806
101798, 180070, 145147, 100806
101798, 180070, 145716, 100806
101798, 180070, 145147, 100806
101798, 180070, 145147, 100412
101798, 179357, 145147, 100806
101384, 179357, 145147, 100806
101384, 179357, 145147, 100806
101384, 179357, 145147, 100806
101798, 179357, 145147, 100806
101798, 179357, 145147, 100806
101384, 179357, 145147, 100806
101384, 179357, 145147, 100806
101798, 179357, 145147, 100806
101798, 179357, 145147, 100806
101384, 179357, 145147, 100412
101798, 179357, 145147, 100806
101798, 179357, 145147, 100806
101384, 179357, 145147, 100806
101798, 179357, 145147, 100412
101384, 179357, 145147, 100806
101384, 179357, 145147, 100806
101798, 179357, 145147, 100806
101798, 179357, 145147, 100806
101798, 180070, 145147, 100806
101798, 179357, 145147, 100806
101798, 179357, 145147, 100806
101384, 180070, 145147, 100806
101384, 179357, 145147, 100806
101798, 179357, 145147, 100806
101798, 179357, 145147, 100806
101798, 180070, 145147, 100806
101798, 179357, 145147, 100806
101798, 180070, 145147, 100806
101384, 179357, 145147, 100806
101798, 179357, 145147, 100806
101798, 179357, 145147, 100806
101798, 179357, 145147, 100806
101798, 179357, 145147, 100806
101798, 180070, 145147, 101201
101798, 179357, 145147, 100806
101798, 179357, 145147, 100806
101384, 179357, 145147, 100806
101384, 179357, 145147, 101201
101798, 179357, 145147, 101201
102213, 179357, 144581, 101201
101798, 179357, 145147, 101201
101798, 179357, 145147, 101201
101798, 179357, 145147, 101201
101384, 180070, 145716, 101201
101798, 180070, 145147, 101201
101798, 179357, 145147, 101201
101798, 180070, 145147, 101201
102213, 179357, 145147, 101201
101798, 179357, 145147, 101201
101798, 179357, 145147, 101201
101798, 179357, 145147, 101201
101798, 179357, 145147, 101201
101798, 179357, 145147, 101201
101798, 180070, 145147, 101201
101798, 179357, 145716, 101201
101798, 179357, 145147, 101201
101798, 179357, 145147, 101201
101798, 180070, 145147, 101201
101798, 180070, 145147, 101201
101384, 179357, 145716, 101201
101798, 180070, 145147, 101201
101798, 179357, 145147, 101201
101798, 179357, 145147, 101201
101798, 179357, 145147, 101201
101798, 179357, 145716, 101201
101798, 180070, 145716, 101201
101798, 179357, 145716, 101201
101384, 180070, 145147, 101201
101798, 179357, 145716, 100806
102213, 179357, 145716, 101201
101384, 180070, 145147, 101201
101798, 179357, 145716, 101201
101798, 180070, 145716, 101201
102213, 179357, 145716, 101201
101798, 179357, 145147, 101201
101798, 180070, 145716, 101598
101798, 179357, 145716, 101201
102213, 180070, 145147, 101201
101798, 179357, 145716, 101201
101798, 179357, 145147, 101201
101798, 179357, 145147, 101201
102213, 179357, 145147, 101598
101798, 180070, 145716, 101201
101798, 179357, 145716, 101201
102213, 180070, 145147, 101201
101798, 179357, 145716, 101201
101798, 180070, 145147, 101598
101798, 179357, 145716, 101201
101798, 180070, 145716, 101201
102213, 180070, 145147, 101201
101798, 180070, 145716, 101201
101798, 179357, 145716, 101201
101798, 180070, 145716, 101598
102213, 179357, 145147, 101598
101798, 179357, 145716, 101598
101798, 179357, 145716, 101598
101798, 180070, 145716, 101201
101798, 180070, 145716, 101598
102213, 180070, 145716, 101201
102213, 179357, 145716, 101598
101798, 180070, 145716, 101201
101798, 180070, 145716, 101598
101798, 180070, 145716, 101201
101798, 179357, 145716, 101201
101798, 180070, 145716, 101201
102213, 180070, 145147, 101598
101798, 180070, 145716, 101598
102213, 180070, 145716, 101598
102213, 180070, 145716, 101598
101798, 179357, 145716, 101598
101798, 180070, 145716, 101598
101798, 179357, 145716, 101598
102213, 180070, 145716, 101598
102213, 179357, 145716, 101598
101798, 180070, 145716, 101598
102213, 179357, 145716, 101598
102213, 179357, 145716, 101598
102213, 180070, 145716, 101598
102213, 180070, 145716, 101598
102213, 180070, 145716, 101598
102213, 179357, 145716, 101598
101798, 179357, 145716, 101598
102213, 180070, 145716, 101598
102213, 179357, 145716, 101598
102213, 180070, 145716, 101598
102213, 180070, 145716, 101598
102213, 180070, 145716, 101598
102631, 180070, 145716, 101598
101798, 180070, 145716, 101996
102213, 180070, 146287, 101598
102213, 180070, 145716, 101598
102213, 180070, 145716, 101598
102213, 180070, 145716, 101996
102213, 180070, 145716, 101598
101798, 180070, 146287, 101598
102213, 180070, 146287, 101598
102213, 180070, 145716, 101598
102213, 180070, 145716, 101598
102213, 180070, 146287, 101996
102213, 180070, 145716, 101598
102213, 180070, 145716, 101598
102213, 180070, 145716, 101996
102213, 180070, 145716, 101996
102213, 180070, 145716, 101598
102213, 180070, 146287, 101996
102213, 180070, 145716, 101598
102213, 180070, 146287, 101598
102213, 180070, 146287, 101598
102213, 180070, 145716, 101996
102213, 180070, 145716, 101996
102213, 180070, 145716, 101996
102213, 180070, 145716, 101996
102213, 180070, 145716, 101996
102213, 180070, 146287, 101996
102213, 180070, 146287, 101996
102213, 180070, 146287, 101996
102213, 180070, 146287, 101996
102213, 180070, 146287, 101996
101798, 180070, 146287, 101996
102213, 180070, 146287, 101996
102213, 180070, 146287, 101996
102213, 180070, 146287, 101996
102213, 180070, 146287, 101996
102213, 180070, 145716, 101996
102213, 180070, 146287, 101996
102213, 180070, 146287, 101996
102631, 180070, 146287, 101996
101798, 180070, 146287, 101996
102631, 180070, 145716, 102397
102213, 180070, 146287, 101996
102213, 180070, 146287, 101996
102631, 180070, 146287, 101996
102213, 180070, 146287, 101996
102631, 180070, 146287, 101996
102213, 180070, 146287, 101996
102213, 180070, 145716, 101996
102213, 180070, 146287, 101996
102631, 180070, 146287, 102397
102631, 180070, 146287, 101996
102631, 180070, 146287, 101996
102631, 180070, 146287, 101996
102631, 180070, 146287, 101996
102631, 180070, 145716, 101996
102631, 180070, 146287, 102397
102213, 180070, 146287, 101996
102631, 180070, 146287, 102397
102213, 180070, 146287, 101996
102213, 180070, 146287, 101996
102631, 180070, 146287, 101996
102213, 180070, 146287, 101996
102631, 180070, 146287, 102397
102631, 180070, 146287, 101996
102631, 180070, 146287, 102397
102631, 180070, 146287, 101996
102631, 180070, 146287, 102397
102631, 180070, 146287, 102397
102631, 180070, 146287, 102397
102213, 180070, 146287, 102397
102631, 180070, 146287, 102397
102631, 180070, 146287, 102397
102631, 180070, 146287, 102397
102631, 180786, 146860, 102397
102631, 180786, 146287, 102397
102631, 180070, 146860, 102397
102631, 180070, 146860, 102397
102631, 180070, 146287, 102397
103050, 180070, 146287, 102397
102631, 180786, 146287, 102397
102631, 180070, 146287, 102397
102631, 180070, 146287, 102397
102631, 180070, 146287, 102397
102631, 180070, 146287, 102397
102631, 180070, 146287, 102397
103050, 180070, 146860, 102397
102631, 180070, 146287, 102397
102631, 180070, 146860, 102397
102631, 180786, 146287, 102397
102631, 180070, 146860, 102397
103050, 180786, 146287, 102397
103050, 180786, 146860, 102397
102631, 180070, 146860, 102798
102631, 180786, 146860, 102397
103050, 180070, 146860, 102397
102631, 180786, 146860, 102397
102631, 180786, 146860, 102397
102631, 180070, 146860, 102397
102631, 180070, 146860, 102798
102631, 180070, 146860, 102798
103050, 180070, 146860, 102397
102631, 180070, 146860, 102397
102631, 180070, 146860, 102397
102631, 180786, 146860, 102397
102631, 180070, 146860, 102397
103050, 180070, 146860, 102397
102631, 180786, 146860, 102397
103050, 180070, 146860, 102397
103050, 180070, 146860, 102798
102631, 180786, 146860, 102798
102631, 180070, 146860, 102397
102631, 180786, 146860, 102798
102631, 180786, 146860, 102397
103050, 180070, 146860, 102397
102631, 180070, 146860, 102798
102631, 180786, 146860, 102798
103050, 180786, 146860, 102798
103050, 180786, 146860, 102798
103050, 180786, 146860, 102798
103050, 180786, 146860, 102798
103050, 180786, 146860, 102798
103050, 180786, 147435, 102798
103050, 180786, 146860, 102798
103050, 180786, 146860, 102798
103050, 180786, 146860, 102798
103050, 180786, 146860, 102798
103050, 180786, 146860, 102798
103472, 180786, 146860, 102798
103050, 180786, 146860, 102798
103050, 180786, 146860, 102798
103050, 180786, 146860, 102798
103050, 180786, 146860, 103202
103050, 180786, 147435, 102798
103050, 180786, 146860, 102798
103050, 180786, 147435, 102798
103050, 180786, 146860, 102798
103050, 180786, 147435, 102798
103050, 180786, 147435, 102798
103050, 180786, 146860, 102798
103050, 180786, 147435, 102798
103050, 180786, 146860, 102798
103050, 180786, 146860, 102798
103050, 180786, 147435, 102798
103472, 180786, 146860, 102798
103050, 180786, 146860, 102798
103050, 180786, 146860, 102798
103050, 180786, 147435, 102798
103050, 180786, 147435, 103202
103472, 180786, 147435, 103202
103050, 180786, 147435, 102798
103472, 180786, 146860, 102798
103050, 180786, 146860, 102798
103050, 180786, 147435, 102798
103050, 180786, 147435, 103202
103050, 180786, 147435, 103202
103050, 180786, 146860, 103202
103050, 180786, 147435, 103202
103050, 180786, 147435, 103202
103050, 180786, 147435, 103202
103050, 180786, 147435, 103202
103050, 180786, 147435, 103202
103050, 180786, 147435, 102798
103050, 180786, 147435, 103202
103050, 180786, 147435, 102798
103472, 180786, 147435, 103202
103050, 180786, 147435, 103202
103472, 180786, 147435, 103202
103472, 180786, 147435, 103202
103050, 180786, 147435, 103202
103472, 180786, 147435, 103202
103472, 181506, 147435, 103202
103050, 180786, 147435, 103202
103472, 180786, 147435, 103202
103472, 180786, 147435, 103202
103050, 180786, 147435, 103202
103472, 180786, 147435, 103202
103472, 180786, 147435, 103202
103472, 181506, 147435, 103202
103472, 181506, 147435, 103202
103472, 180786, 147435, 103202
103050, 181506, 147435, 103202
103472, 180786, 147435, 103202
103472, 180786, 147435, 103202
103472, 180786, 147435, 103202
103472, 180786, 147435, 103202
103472, 180786, 147435, 103202
103472, 180786, 147435, 103202
103472, 180786, 147435, 103607
103472, 180786, 147435, 103202
103896, 180786, 147435, 103202
103472, 180786, 147435, 103202
103896, 180786, 147435, 103607
103472, 180786, 147435, 103202
103472, 181506, 147435, 103202
103472, 181506, 147435, 103607
103472, 180786, 147435, 103607
103472, 180786, 147435, 103607
103472, 181506, 147435, 103607
103896, 180786, 147435, 103607
103472, 181506, 147435, 103607
103472, 181506, 147435, 103607
103472, 180786, 147435, 103607
103050, 180786, 148013, 103607
103472, 181506, 147435, 103607
103472, 181506, 147435, 103607
103472, 180786, 147435, 103607
103472, 180786, 147435, 103607
103472, 180786, 147435, 103607
103472, 180786, 147435, 103607
103472, 180786, 147435, 103607
103472, 181506, 147435, 103607
103472, 181506, 147435, 103607
103896, 180786, 147435, 103607
103050, 181506, 147435, 103607
103472, 181506, 148013, 103607
103472, 181506, 147435, 103607
103472, 181506, 148013, 103607
103472, 180786, 148013, 103607
103896, 180786, 148013, 103607
103472, 181506, 148013, 103607
103472, 181506, 147435, 103607
103472, 181506, 148013, 103607
103896, 181506, 148013, 103607
103472, 181506, 147435, 103607
103896, 181506, 148013, 103607
103472, 181506, 147435, 103607
103472, 181506, 148013, 103607
103472, 180786, 148013, 103607
103896, 181506, 148013, 103607
103896, 181506, 148013, 103607
103896, 181506, 148013, 103607
103896, 181506, 148013, 103607
104749, 181506, 148013, 104014
100973, 181506, 148013, 103607
96966, 180786, 147435, 103607
95801, 177940, 140681, 103202
94273, 177236, 140132, 101201
92774, 172395, 140681, 99240
92774, 171715, 140681, 98467
92403, 171039, 140132, 97319
92403, 170365, 139586, 95436
92403, 170365, 138500, 95064
92403, 169694, 137422, 94693
92034, 169694, 136886, 94324
92034, 169026, 136352, 93956
91667, 169026, 135821, 93590
91667, 168362, 135821, 93225
91301, 168362, 135291, 92862
91301, 167699, 135291, 92500
90937, 167699, 135291, 92500
90575, 167699, 134763, 92139
90575, 167699, 134763, 92139
90215, 167040, 134238, 91780
90215, 167040, 134763, 91780
90215, 167040, 134763, 91780
89856, 167040, 134763, 91780
89856, 166384, 134238, 91065
89856, 166384, 134238, 90710
89499, 166384, 133193, 90357
89499, 165730, 132674, 89653
89499, 165730, 132674, 89653
89499, 165079, 132156, 89304
88789, 164431, 131640, 89304
87736, 163786, 131127, 88955
87042, 163144, 130615, 88608
86013, 162504, 130106, 88263
85334, 161867, 129598, 87919
84662, 161867, 129092, 87576
84328, 161232, 129092, 87234
84328, 161232, 128588, 87234
83995, 160600, 128086, 86554
83664, 161232, 127586, 86554
83334, 161232, 127088, 85880
82679, 160600, 126591, 85545
82029, 159971, 126097, 85211
81706, 159971, 126097, 85211
81065, 159345, 125604, 84878
81065, 159345, 125113, 84546
80429, 159345, 125113, 84216
80429, 159345, 125113, 84216
80429, 159345, 124624, 83559
80114, 159345, 124624, 83232
80429, 159345, 124624, 82907
80114, 159345, 124137, 82907
79799, 159345, 124137, 82583
79799, 159345, 124137, 82583
79486, 159345, 124137, 82583
79486, 159345, 123651, 82583
79486, 159345, 123651, 82583
79486, 159345, 123651, 82260
79174, 159345, 123651, 81938
79174, 158721, 123651, 81938
79174, 158721, 123651, 81938
79174, 158721, 123651, 81617
79174, 158721, 123651, 81617
79174, 158721, 123167, 81617
78864, 158721, 123167, 81298
78864, 158721, 123167, 81298
78554, 158721, 123167, 81298
78554, 158721, 123167, 80979
78554, 158721, 123167, 80979
78554, 158721, 123167, 80979
78554, 158721, 123167, 80979
78246, 158721, 123167, 80979
78246, 158721, 122686, 80662
78246, 158721, 123167, 80979
78554, 158721, 123167, 80662
78554, 158721, 123167, 80662
78554, 158721, 122686, 80662
78554, 158721, 122686, 80346
78864, 158721, 122686, 80346
78246, 158100, 122205, 80031
78246, 158100, 122205, 80031
78246, 158100, 122205, 80031
78246, 158100, 122205, 80031
77940, 158100, 121727, 79718
78246, 158100, 121727, 79718
77940, 157481, 121727, 79718
77940, 158100, 121727, 79718
77940, 157481, 121727, 79718
77940, 157481, 121250, 79405
77940, 158100, 121727, 79405
77940, 157481, 121727, 79405
77940, 158100, 121250, 79094
77940, 158100, 121250, 79405
77940, 158100, 121250, 79094
78246, 158100, 121250, 79094
78246, 157481, 121250, 78783
78246, 157481, 120776, 78783
77635, 157481, 120776, 78474
77635, 156865, 120302, 78474
77330, 156865, 120302, 78166
77028, 156251, 119831, 78166
76726, 156251, 119361, 77859
76726, 156251, 119361, 77859
76127, 156251, 118893, 77553
76127, 156865, 118893, 77553
75829, 156251, 118893, 77553
75829, 156251, 118427, 77249
75533, 156251, 118893, 77249
75533, 156251, 118427, 77249
75237, 156251, 118893, 77249
75237, 156251, 118893, 76945
74943, 156251, 118427, 77249
74943, 156251, 118893, 76945
74943, 156251, 118427, 76945
74943, 156251, 118427, 76945
74943, 156251, 118427, 76945
74943, 156251, 118427, 76945
74943, 156251, 118427, 76945
74943, 156251, 117962, 76642
74943, 156251, 117962, 76642
74943, 156251, 117500, 76341
74359, 155640, 117500, 76341
74359, 155640, 117500, 76642
74650, 155640, 117500, 76341
74359, 155640, 117500, 76341
74359, 155640, 117500, 76040
74359, 155640, 117038, 76040
74068, 155640, 117038, 76040
73779, 155640, 117038, 76040
73779, 155640, 117038, 75741
73779, 155031, 116579, 75741
73491, 155031, 116579, 75741
73204, 155031, 116579, 75443
73204, 155031, 116579, 75741
73204, 155031, 116121, 75443
72918, 155031, 116121, 75443
72633, 155031, 116121, 75443
72918, 155031, 116121, 75443
72633, 155031, 116121, 75443
72633, 155031, 116121, 75146
72633, 155031, 116121, 75443
72633, 154425, 116121, 75146
72350, 155031, 116121, 75146
72350, 154425, 116121, 75146
72067, 154425, 115664, 75146
72067, 154425, 116121, 75146
72067, 154425, 115664, 74849
71786, 154425, 116121, 75146
72067, 154425, 116121, 75146
72067, 154425, 115664, 75146
71786, 153822, 115664, 74849
71786, 153822, 115664, 74849
71506, 153822, 115210, 74554
71786, 153822, 115210, 74554
71786, 153822, 115210, 74554
71506, 153822, 115210, 74554
71506, 154425, 115210, 74554
71227, 153822, 115210, 74554
70949, 153822, 115210, 74260
70949, 153822, 115210, 74260
70949, 153822, 114757, 74260
70672, 153822, 115210, 74260
70672, 153822, 114757, 74554
70949, 153221, 114757, 74260
70949, 153822, 115210, 74554
70672, 153221, 114757, 74260
70672, 153221, 114757, 74260
70672, 153221, 114757, 73967
70397, 153221, 114757, 73967
70672, 153221, 114305, 73967
70672, 153221, 114305, 73967
70672, 153221, 114305, 73967
70397, 153221, 114305, 73967
70397, 153221, 114305, 73967
70122, 153221, 113855, 73675
70397, 152622, 113855, 73675
70122, 153221, 113855, 73675
70122, 152622, 113855, 73384
70122, 152622, 113855, 73384
70397, 152622, 113407, 73384
70122, 152622, 113407, 73384
70122, 152622, 113407, 73384
70397, 152622, 113407, 73384
70122, 152622, 113407, 73384
70397, 152622, 112961, 73384
70122, 152622, 113407, 73094
70122, 152622, 112961, 73094
70122, 152622, 112961, 73094
70122, 152026, 112961, 73094
69849, 152026, 112961, 73094
69849, 152026, 112961, 72805
69849, 152026, 112961, 73094
69576, 152026, 112961, 73094
69576, 152026, 112961, 73094
69305, 152026, 112961, 73094
69305, 152026, 112961, 72805
69305, 151432, 112515, 73384
69035, 151432, 112515, 73094
69035, 151432, 112515, 73094
69035, 151432, 112072, 72805
69035, 151432, 112515, 72805
69035, 151432, 112072, 72805
69035, 150841, 112515, 72805
69035, 150841, 112072, 72805
69035, 150841, 112072, 72805
69035, 150841, 112072, 72517
69035, 150841, 111630, 72517
69035, 150841, 112072, 72517
68766, 150841, 112072, 72517
68766, 150841, 112072, 72517
68766, 150841, 111630, 72517
68766, 150252, 111630, 72517
68766, 150252, 111630, 72230
68766, 150252, 111630, 72230
68766, 150252, 111630, 72230
68766, 150252, 111630, 72230
68766, 150252, 111190, 71944
68498, 149665, 110751, 71944
68498, 149665, 110751, 71944
68498, 149665, 111190, 71944
68230, 149665, 110751, 71944
68230, 149081, 110751, 71944
68230, 149665, 110751, 71659
68230, 149665, 110751, 71659
67964, 149081, 110751, 71659
67964, 149665, 110314, 71659
68230, 149081, 110751, 71659
68230, 149081, 110314, 71659
68230, 149665, 110314, 71375
68230, 149081, 110314, 71375
67964, 149081, 110751, 71092
67964, 149081, 110314, 64321
67964, 149081, 110314, 62271
68230, 149081, 110314, 62778
68230, 148499, 110314, 62778
67700, 148499, 110751, 63289
67700, 149081, 110751, 63546
67700, 148499, 110751, 63803
67436, 148499, 110751, 64061
67700, 148499, 110751, 64061
67700, 148499, 110314, 64321
67700, 148499, 110751, 64321
67436, 148499, 110751, 64581
67436, 148499, 110751, 64581
67436, 148499, 110314, 64321
67700, 148499, 110314, 59538
67436, 147920, 110314, 60768
67700, 147920, 110314, 61266
67173, 147920, 110314, 61767
67436, 147920, 110751, 61767
67436, 147920, 110751, 62271
67436, 147920, 110751, 62271
67173, 147920, 110751, 62524
67173, 147920, 110751, 62524
67173, 147343, 110751, 62778
67173, 147343, 110751, 63033
67173, 147343, 110751, 63033
67173, 147343, 110314, 63033
67173, 147343, 110314, 63289
67173, 147343, 110314, 63289
67173, 147343, 110751, 63289
66911, 147343, 110314, 63289
67173, 147343, 110314, 63546
66911, 147343, 110314, 63546
66911, 147343, 110314, 63546
66911, 147343, 110314, 63546
66911, 146768, 110314, 63546
66650, 146768, 110314, 63546
66650, 146768, 109878, 63546
66911, 146768, 109878, 63546
66911, 146768, 109878, 63546
66911, 146768, 109878, 63803
66911, 146768, 109878, 63803
66911, 146768, 109878, 63803
66911, 146768, 109444, 63803
66911, 146768, 109878, 63803
66650, 146768, 109444, 63803
66911, 146768, 109011, 63803
66650, 146195, 109444, 63803
66650, 146195, 109011, 63546
66650, 145625, 109011, 63546
66390, 146195, 109011, 63546
66131, 146195, 109011, 63546
66390, 145625, 108580, 63546
66390, 146195, 109011, 63546
66390, 145625, 108580, 63546
66131, 145625, 109011, 63803
66131, 145625, 108580, 63546
65873, 145625, 108580, 63803
65873, 145625, 108580, 63803
65873, 145625, 108580, 63546
66131, 145625, 108580, 63803
66131, 145625, 108580, 63546
66131, 145625, 108150, 63803
65873, 145625, 108580, 63803
66131, 145625, 108580, 63803
66131, 145057, 108580, 63546
66390, 145625, 108150, 63803
66131, 145625, 108150, 63803
66131, 145057, 108150, 63803
66131, 145057, 108150, 63803
66131, 145057, 108150, 63803
66131, 145057, 108150, 64061
66131, 145057, 108150, 63803
66131, 145057, 108150, 63803
66131, 145625, 108150, 64061
66390, 145625, 108150, 64061
66390, 145057, 108150, 63803
66390, 145057, 108150, 64061
66390, 145057, 108150, 64061
66390, 145057, 107722, 64061
66390, 145057, 108150, 64061
66390, 145057, 108150, 64061
66390, 145057, 108150, 64061
66390, 145057, 108150, 64061
66390, 145625, 107722, 64061
66390, 145057, 107722, 64061
66390, 145057, 107722, 64061
66390, 145057, 107722, 64061
66131, 144492, 107295, 64061
66131, 144492, 107295, 63803
66131, 144492, 107722, 63803
65873, 144492, 107295, 63803
65873, 144492, 107295, 63803
65873, 144492, 107295, 63803
65616, 144492, 106870, 63803
65616, 143928, 106870, 63803
65361, 144492, 106870, 64061
65361, 143928, 106446, 63546
65361, 143928, 106870, 63803
66131, 145625, 106870, 63546
65361, 144492, 106446, 63546
65361, 143928, 106446, 63546
65106, 143928, 106446, 63803
65106, 143928, 106446, 63546
65106, 143928, 106446, 63546
65106, 143928, 106024, 63546
65106, 143928, 106446, 63546
64852, 143928, 106446, 63546
64852, 143928, 106446, 63546
64852, 143367, 106024, 63546
65106, 143367, 106870, 63546
65106, 143367, 106446, 63546
64852, 143367, 106024, 63546
64852, 143367, 106024, 63289
64599, 143367, 106024, 63546
64852, 143367, 106024, 63289
64599, 143928, 106024, 63289
64599, 143367, 106024, 63289
64347, 142808, 106024, 63289
64599, 142808, 106024, 63289
64599, 142808, 106024, 63289
64599, 142808, 106024, 63289
64347, 142808, 106024, 63289
64347, 142808, 106024, 63289
64347, 142808, 106024, 63289
64347, 142808, 105603, 63289
64347, 142808, 106024, 63289
64096, 142251, 105603, 63289
64096, 142251, 105603, 63289
64096, 142251, 105603, 63289
63846, 142251, 105603, 63289
64347, 142251, 106024, 63289
64096, 142251, 105603, 63289
64096, 141696, 105603, 63289
64096, 141696, 105603, 63289
63846, 141696, 105603, 63289
63846, 141696, 106446, 63803
63846, 141696, 105603, 63289
63846, 141696, 105183, 63033
63596, 141144, 105183, 63033
63846, 141696, 105603, 63033
64096, 141696, 106870, 63289
63846, 141696, 105603, 63033
64096, 141696, 105603, 63289
64096, 141696, 105603, 63289
64096, 141696, 105603, 63289
64096, 141696, 105603, 63289
64096, 141696, 105603, 63289
64347, 141696, 105183, 63289
64347, 141144, 105183, 63289
64096, 141696, 105603, 63289
64347, 141144, 105603, 63289
64347, 141696, 105603, 63289
64347, 141696, 105603, 63289
64599, 141696, 105603, 63546
64599, 141696, 105603, 63546
64599, 141144, 106024, 63546
64599, 141696, 106024, 63546
64599, 141696, 106024, 63546
64599, 141144, 105603, 63546
64599, 141144, 105603, 63546
64599, 141144, 105603, 63546
64347, 141144, 105603, 63546
64096, 141144, 105603, 63803
64096, 140594, 105603, 63803
63846, 141144, 105603, 63803
63846, 140594, 105603, 63546
63846, 140594, 105183, 63546
63846, 140594, 105183, 63546
63846, 141144, 105183, 63803
63596, 140594, 105183, 63546
63348, 140045, 104765, 63546
63348, 140594, 105183, 63546
63348, 140045, 104765, 63289
63348, 140045, 104765, 63546
63348, 140045, 104765, 63546
63348, 140594, 104765, 63289
63348, 140045, 104765, 63289
63101, 140045, 104765, 63289
63348, 140045, 104765, 63546
1, 63101, 138956, 103934, 63033
2, 63101, 138956, 103934, 62778
3, 63101, 138956, 103520, 62778
4, 63596, 140594, 95147, 62524
5, 62855, 138414, 73494, 62524
6, 62609, 138414, 68542, 62524
7, 62609, 138414, 68845, 62524
8, 62609, 138414, 71921, 62271
9, 62855, 138414, 73811, 62524
10, 62609, 138414, 74129, 62271
11, 62365, 137874, 68845, 62271
12, 62365, 138414, 67939, 62271
13, 62609, 138414, 68542, 62271
14, 62365, 138414, 68542, 62271
15, 62365, 138414, 67939, 62271
16, 62365, 138414, 67639, 62271
17, 62855, 138414, 67042, 62271
18, 62365, 138414, 66447, 62271
19, 62609, 138414, 63816, 62271
20, 62609, 138414, 66744, 62271
21, 62609, 138414, 68542, 62524
22, 62855, 138414, 69148, 62524
23, 62855, 138414, 69758, 62271
24, 62855, 138414, 70679, 62524
25, 62855, 138414, 71298, 62524
26, 62855, 138414, 71609, 62778
27, 62609, 138414, 71921, 56430
28, 63101, 138414, 72547, 55038
29, 63101, 138414, 72862, 55963
30, 62855, 138414, 73177, 56665
31, 62855, 138414, 73494, 57136
32, 63101, 138414, 73811, 57373
33, 63101, 138414, 73811, 57610
34, 63101, 138414, 74129, 57849
35, 63101, 138414, 74129, 58088
36, 63101, 138414, 74448, 58328
37, 63101, 138956, 74769, 58328
38, 63101, 138414, 75090, 57373
39, 63348, 138414, 75090, 57373
40, 63348, 138414, 75412, 56197
41, 63348, 138956, 75412, 52776
42, 63596, 138956, 75412, 48662
43, 63596, 138414, 75735, 42814
44, 63596, 138414, 75735, 49084
45, 63596, 138414, 75735, 49722
46, 63348, 138414, 76384, 50581
47, 63846, 138414, 76710, 51232
48, 63596, 138956, 76710, 51670
49, 63846, 138956, 77038, 52331
50, 63846, 138956, 77038, 52776
51, 63846, 138956, 77038, 53223
52, 64096, 138956, 77366, 53447
53, 64347, 138956, 77366, 53672
54, 64347, 138956, 77366, 54125
55, 64347, 139500, 77695, 54125
56, 60441, 139500, 77695, 54580
57, 59036, 138956, 78025, 54809
58, 59036, 138956, 78025, 55038
59, 58116, 138956, 78025, 55038
60, 51210, 138956, 78025, 55269
61, 43575, 138956, 78025, 55269
62, 45575, 138956, 78025, 55500
63, 47841, 138414, 78025, 55500
64, 49205, 138414, 78356, 55500
65, 49999, 138414, 78356, 55500
66, 50601, 136268, 78356, 55500
67, 51210, 136801, 78356, 55500
68, 51825, 136268, 78356, 55500
69, 52239, 135736, 78025, 55500
70, 52446, 136268, 77366, 55500
71, 52655, 136801, 74448, 55500
72, 52864, 137337, 72862, 55269
73, 53074, 137337, 73494, 55038
74, 53285, 137874, 73811, 54809
75, 53497, 137337, 74129, 54580
76, 53709, 137337, 74129, 54580
77, 53922, 137337, 73494, 54352
78, 53922, 137874, 72547, 54352
79, 53922, 137337, 72234, 54125
80, 54136, 137337, 72862, 53898
81, 54350, 137337, 73494, 54125
82, 54350, 137337, 74129, 54352
83, 54350, 137874, 74448, 54580
84, 54350, 137874, 74769, 54809
85, 54350, 137874, 75090, 54809
86, 54565, 137874, 75412, 54809
87, 54565, 137874, 75735, 55038
88, 54781, 137874, 75735, 55038
89, 54998, 137874, 76059, 55269
90, 54998, 137874, 76059, 55269
91, 54998, 137874, 76384, 55500
92, 54998, 137337, 76384, 55269
93, 54998, 137337, 76384, 55269
94, 54781, 137337, 77038, 55269
95, 54998, 137337, 77038, 55038
96, 54781, 137337, 77038, 55038
97, 54781, 137337, 77038, 55038
98, 54781, 137337, 77366, 55038
99, 54565, 137337, 77038, 55038
100, 54565, 137337, 77366, 55038
101, 54565, 136801, 77366, 55038
102, 54565, 136801, 77366, 55038
103, 54565, 136801, 77366, 55038
104, 54565, 136801, 77695, 55038
105, 54565, 136801, 77695, 55038
106, 54350, 136801, 77695, 55038
107, 54350, 136801, 78025, 55038
108, 54350, 136801, 78025, 55038
109, 54350, 136801, 78025, 55038
110, 54350, 136801, 78025, 55038
111, 54350, 136801, 78025, 55038
112, 54350, 136801, 78356, 54809
113, 54350, 136801, 78356, 55038
114, 54565, 136801, 78356, 55038
115, 54565, 136268, 78356, 55038
116, 54781, 136801, 78356, 55038
117, 54565, 136801, 78356, 55038
118, 54565, 136268, 78356, 55038
119, 54565, 136801, 78688, 55038
120, 54565, 136268, 78688, 55038
121, 54565, 136268, 79021, 55038
122, 54350, 136268, 78688, 55038
123, 54565, 136801, 78688, 55038
124, 54781, 136268, 79021, 55038
125, 54565, 136268, 79021, 55038
126, 54781, 136268, 79021, 55038
127, 54781, 136268, 78688, 55269
128, 54781, 136268, 79021, 55269
129, 54781, 136268, 79355, 55269
130, 54565, 136268, 79355, 55269
131, 54998, 136268, 79355, 55269
132, 54781, 136268, 79355, 55269
133, 54998, 136268, 79355, 55269
134, 54781, 136268, 79355, 55269
135, 54781, 136268, 79355, 55500
136, 54998, 136268, 79355, 55269
137, 54781, 136268, 79355, 55500
138, 54781, 135736, 79355, 55500
139, 54781, 136268, 79690, 55500
140, 54998, 136268, 79690, 55500
141, 54565, 135736, 79690, 55500
142, 54781, 136268, 79690, 55500
143, 54781, 136268, 79690, 55500
144, 54781, 135736, 79690, 55500
145, 54781, 136268, 79690, 55500
146, 54565, 135736, 79690, 55500
147, 54781, 135736, 79690, 55500
148, 54781, 135736, 80026, 55500
149, 54998, 135736, 79690, 55731
150, 54781, 135736, 79690, 55500
151, 54565, 135736, 80026, 55269
152, 54781, 135736, 80026, 55500
153, 54781, 135736, 80026, 55500
154, 54781, 135736, 80026, 55500
155, 54781, 135736, 80026, 55269
156, 54781, 135736, 80026, 55500
157, 54565, 135736, 80026, 55500
158, 54781, 135207, 80026, 55500
159, 54565, 135207, 80026, 55500
160, 54565, 135207, 80026, 55269
161, 54781, 135207, 80026, 55269
162, 54565, 135207, 80026, 55500
163, 54565, 135207, 80026, 55269
164, 54565, 135207, 80026, 55500
165, 54350, 135207, 80026, 55269
166, 54350, 135207, 80026, 55269
167, 54350, 134680, 80026, 55269
168, 54136, 135207, 80026, 55269
169, 54136, 135207, 80026, 55269
170, 54136, 135207, 80026, 55269
171, 54350, 135207, 80364, 55269
172, 54350, 135207, 80026, 55269
173, 54350, 135207, 80364, 55269
174, 54565, 135207, 80364, 55269
175, 54565, 135207, 80026, 55269
176, 54565, 135207, 80364, 55269
177, 54781, 135207, 80026, 55269
178, 54781, 134680, 80364, 55269
179, 54565, 134680, 80364, 55269
180, 54565, 134680, 80364, 55269
181, 54565, 135207, 80364, 55269
182, 54565, 134680, 80364, 55269
183, 54565, 134680, 80364, 55269
184, 54781, 134680, 80702, 55269
185, 54781, 134680, 80364, 55269
186, 54781, 134680, 80364, 55269
187, 54565, 134680, 80364, 55269
188, 54565, 134680, 80364, 55269
189, 54350, 134680, 80364, 55269
190, 54350, 134680, 80364, 55269
191, 54350, 134680, 80364, 55038
192, 54350, 134680, 80364, 55038
193, 54781, 134155, 80364, 55038
194, 54565, 134680, 80364, 55038
195, 54350, 134680, 80364, 55038
196, 54565, 134680, 80364, 55038
197, 54565, 134680, 80364, 55038
198, 54350, 134155, 80026, 55038
199, 54350, 134155, 80364, 55038
200, 54350, 134155, 80364, 55038
201, 54350, 134155, 80364, 55038
202, 54136, 134155, 80364, 54809
203, 54350, 134155, 80364, 55038
