0, 52239, 127007, 84493, 58328
0, 52239, 127505, 84844, 58088
1, 52239, 127505, 84844, 58088
2, 52446, 127505, 85197, 58088
3, 52239, 127505, 84844, 58088
4, 52239, 127505, 84844, 58088
5, 52239, 127505, 84844, 58088
6, 52239, 127505, 84844, 57849
7, 52239, 127505, 84844, 58088
8, 52239, 127505, 84844, 57849
9, 52239, 127505, 84844, 57849
10, 52239, 127505, 84844, 57849
11, 52239, 127505, 84844, 57849
12, 52239, 127505, 84844, 57849
13, 52239, 127505, 84844, 57849
14, 52239, 127505, 84844, 57849
15, 52239, 127505, 84844, 57849
16, 52239, 127505, 84844, 57849
17, 52031, 127505, 84493, 58088
18, 52031, 127505, 84844, 57849
19, 51825, 127505, 84844, 57849
20, 52031, 127505, 84493, 57849
21, 52031, 128507, 84844, 57610
22, 52031, 129011, 84844, 57610
23, 52239, 128507, 85197, 58088
24, 52239, 128507, 85197, 58088
25, 52239, 127505, 84844, 58088
26, 52239, 127505, 84844, 58088
27, 52031, 127505, 84844, 58088
28, 52031, 127505, 84844, 57849
29, 52031, 127007, 84844, 57849
30, 51825, 127007, 84844, 57849
31, 51825, 127007, 84493, 58088
32, 51825, 127007, 84493, 57849
33, 51825, 127007, 84493, 57849
34, 51825, 127007, 84493, 57849
35, 51825, 127007, 84493, 57849
36, 51619, 127007, 84493, 57849
37, 51619, 127007, 84493, 57849
38, 51619, 127007, 84143, 57849
39, 51619, 127007, 84143, 57849
40, 51619, 127007, 84143, 57610
41, 51619, 127007, 84143, 57610
42, 51619, 127007, 84143, 57610
43, 51414, 127007, 84143, 57610
44, 51619, 127007, 84143, 57610
45, 51414, 126511, 84143, 57610
46, 51414, 127007, 84143, 57610
47, 51414, 127007, 84143, 57610
48, 51414, 127007, 84143, 57610
49, 51414, 126511, 84143, 57610
50, 51414, 127007, 83794, 57610
51, 51414, 126511, 83794, 57373
52, 51414, 126511, 83794, 57373
53, 51414, 126511, 83794, 57373
54, 51414, 126511, 84143, 57373
55, 51414, 126511, 83794, 57373
56, 51414, 126511, 83794, 57373
57, 51414, 126511, 83794, 57136
58, 51414, 126511, 83446, 57136
59, 51210, 126511, 83794, 57136
60, 51210, 126511, 83794, 57373
61, 51210, 126511, 83446, 57136
62, 51210, 126511, 83446, 57136
63, 51210, 126511, 83794, 57136
64, 51210, 126511, 83794, 57136
65, 51006, 126511, 83446, 57136
66, 51210, 126511, 83446, 56900
67, 51210, 126511, 83446, 57136
68, 51006, 126511, 83446, 57136
69, 51210, 126511, 83446, 57136
70, 51210, 126511, 83446, 57136
71, 51006, 126016, 83446, 56900
72, 51210, 126511, 83446, 56900
73, 51210, 126511, 83446, 56900
74, 51210, 126511, 83446, 57136
75, 51006, 126511, 83446, 56900
76, 51210, 126511, 83446, 56900
77, 51210, 126016, 83100, 56900
78, 51006, 126511, 83446, 56900
79, 51210, 126511, 83446, 57136
80, 51006, 126511, 83446, 56900
81, 51210, 126511, 83100, 56900
82, 51006, 126511, 83100, 56900
83, 51210, 126511, 83100, 56900
84, 51006, 126016, 83100, 56900
85, 51006, 126016, 83100, 56900
86, 51006, 126016, 83446, 56900
87, 51006, 126016, 83100, 56900
88, 51006, 126016, 82754, 56900
89, 51006, 126016, 83100, 56900
90, 51006, 126016, 83100, 56900
91, 51006, 126016, 82754, 56665
92, 50803, 126016, 82754, 56900
93, 50803, 126016, 83100, 56900
94, 50803, 126511, 83100, 56665
95, 50803, 126016, 82754, 56665
96, 50803, 126016, 82754, 56900
97, 50803, 126016, 82754, 56900
98, 50803, 126016, 82754, 56665
99, 50803, 126016, 82754, 56665
100, 50803, 126016, 82754, 56665
101, 50803, 125524, 82754, 56665
102, 50803, 125524, 82754, 56665
103, 50601, 125524, 82754, 56665
104, 50601, 125524, 82754, 56665
105, 50601, 125524, 82754, 56665
106, 50601, 125524, 82409, 56665
107, 50601, 125524, 82754, 56430
108, 50601, 125524, 82409, 56665
109, 50601, 125524, 82409, 56665
110, 50601, 125524, 82409, 56665
111, 50601, 125524, 82754, 56430
112, 50601, 125524, 82409, 56665
113, 50601, 125524, 82409, 56665
114, 50601, 125524, 82409, 56430
115, 50400, 125524, 82409, 56665
116, 50601, 125524, 82409, 56430
117, 50601, 125524, 82409, 56430
118, 50400, 125524, 82409, 56430
119, 50400, 125524, 82409, 56430
120, 50400, 125524, 82409, 56430
121, 50601, 125524, 82409, 56430
122, 50400, 125033, 82409, 56430
123, 50400, 125033, 82409, 56430
124, 50400, 125033, 82409, 56430
125, 50400, 125033, 82409, 56430
126, 50400, 125033, 82066, 56430
127, 50400, 125033, 82409, 56430
128, 50400, 125033, 82066, 56430
129, 50601, 125033, 82409, 56430
130, 50601, 125033, 82409, 56197
131, 50601, 125033, 82409, 56430
132, 50601, 125524, 82409, 56430
133, 50400, 125033, 82409, 56430
134, 50400, 125033, 82409, 56197
135, 50601, 125524, 82066, 56197
136, 50400, 125033, 82066, 56430
137, 50400, 125033, 82409, 56430
138, 50601, 125033, 82066, 56197
139, 50400, 125033, 82066, 56197
140, 50601, 125033, 82066, 56430
141, 50601, 125033, 82066, 56197
142, 50400, 125033, 82066, 56197
143, 50400, 125033, 82066, 56197
144, 50400, 125033, 82409, 56197
145, 50400, 125033, 82066, 56197
146, 50400, 125033, 82066, 56197
147, 50400, 125033, 82066, 56197
148, 50400, 125033, 82066, 56197
149, 50400, 125033, 82066, 56197
150, 50400, 125033, 82066, 56197
151, 50400, 125033, 82066, 56197
152, 50400, 125033, 82066, 56197
153, 50400, 125033, 82066, 55963
154, 50400, 125033, 82066, 56197
155, 50400, 125033, 82066, 56197
156, 50400, 124544, 82066, 55963
157, 50400, 125033, 82066, 55963
158, 50400, 125033, 82066, 56197
159, 50400, 125033, 82066, 55963
160, 50400, 124544, 82066, 55963
161, 50400, 124544, 82066, 55963
162, 50400, 124544, 82066, 55963
163, 50400, 124544, 82066, 55963
164, 50400, 124544, 82066, 55963
165, 50400, 124544, 82066, 55963
166, 50199, 124544, 82066, 55963
167, 50400, 124544, 82066, 55963
168, 50400, 124544, 82066, 55963
169, 50199, 124544, 81723, 55963
170, 50199, 124544, 81723, 55963
171, 50199, 124544, 81723, 55963
172, 50199, 124544, 81723, 55963
173, 50199, 124544, 81723, 55963
174, 50199, 124057, 81723, 55963
175, 50199, 124544, 81723, 55963
176, 50199, 124544, 81723, 55963
177, 50199, 124544, 81723, 55963
178, 50199, 124057, 81723, 55963
179, 49999, 124057, 81723, 55963
180, 50199, 124057, 81723, 55963
181, 50199, 124057, 81723, 55963
182, 50199, 124057, 81723, 55963
183, 50199, 124057, 81723, 55963
184, 49999, 124057, 81382, 55963
185, 50199, 124057, 81723, 55963
186, 49999, 125033, 81723, 55963
187, 50199, 125524, 82066, 55731
188, 50400, 126016, 82066, 55963
189, 50400, 126016, 82066, 55963
190, 50400, 126016, 82409, 56197
191, 50601, 126016, 82409, 56197
192, 51006, 127505, 84143, 56900
193, 51619, 129011, 84143, 57136
194, 51825, 129516, 84493, 57136
195, 51825, 130024, 84143, 57136
196, 51825, 130534, 84493, 57373
197, 52031, 130534, 84493, 57373
198, 52239, 131045, 84493, 57373
199, 52239, 131045, 84844, 57373
200, 52239, 131045, 84844, 57610
201, 52446, 131045, 84844, 57610
202, 52655, 131558, 85197, 57610
203, 52655, 131558, 85197, 57610
204, 52655, 131558, 85197, 57849
205, 52655, 132074, 85197, 57849
206, 52864, 132074, 85197, 57849
207, 52864, 132074, 85550, 57849
208, 52655, 132074, 85550, 57849
209, 52864, 132074, 85550, 58088
210, 52864, 132074, 85550, 58088
211, 53074, 132074, 85550, 58088
212, 53074, 132074, 85550, 58088
213, 53285, 132074, 85550, 58328
214, 53285, 132074, 85550, 58328
215, 53285, 132074, 85905, 58328
216, 53285, 132591, 85905, 58328
217, 53497, 132074, 85905, 58328
218, 53497, 132591, 85905, 58328
219, 53497, 132591, 86260, 58568
220, 53709, 132591, 85905, 58568
221, 53709, 132591, 85905, 58568
222, 53922, 132591, 86260, 58809
223, 53922, 132591, 86260, 58809
224, 53922, 132591, 86260, 58809
225, 53922, 132591, 86260, 58809
226, 54136, 133110, 86617, 58809
227, 54136, 133110, 86260, 58809
228, 54136, 133110, 86617, 59051
229, 54136, 133110, 86617, 59051
230, 54350, 133110, 86617, 59051
231, 54350, 133631, 86617, 59294
232, 54350, 133631, 86617, 59051
233, 54565, 133110, 86975, 59294
234, 54565, 133631, 86975, 59294
235, 54565, 133631, 86975, 59294
236, 54565, 133631, 86975, 59538
237, 54565, 133631, 86975, 59294
238, 54781, 133631, 86975, 59294
239, 54781, 133631, 86975, 59538
240, 54781, 133631, 86975, 59538
241, 54781, 133631, 86975, 59782
242, 54781, 133631, 87334, 59538
243, 54781, 134155, 87334, 59782
244, 54781, 134155, 87334, 59782
245, 54998, 134155, 87334, 59782
246, 54998, 134155, 87334, 59782
247, 54998, 133631, 87694, 59782
248, 54998, 133631, 87694, 59782
249, 55216, 134155, 87334, 60028
250, 55216, 134155, 87694, 59782
251, 55216, 134155, 87694, 60028
252, 55216, 134155, 87694, 60028
253, 55216, 134155, 88055, 60028
254, 55434, 134155, 87694, 60028
255, 55216, 134155, 87694, 60274
256, 55434, 134680, 88055, 60274
257, 55434, 134680, 87694, 60028
258, 55434, 134680, 87694, 60274
259, 55434, 134680, 88055, 60274
260, 55653, 134680, 88055, 60274
261, 55873, 134680, 88055, 60274
262, 55873, 134680, 88055, 60274
263, 55653, 134680, 88055, 60520
264, 55434, 135207, 88055, 60520
265, 55434, 135207, 88055, 60520
266, 55653, 135207, 88055, 60520
267, 55653, 134680, 88418, 60520
268, 55653, 135207, 88055, 60768
269, 55653, 135207, 88055, 60768
270, 55873, 135207, 88055, 60768
271, 55653, 134680, 88418, 60768
272, 56094, 134680, 87694, 60768
273, 55873, 134155, 86975, 60768
274, 55873, 133631, 86975, 60768
275, 55873, 133110, 86617, 60520
276, 55653, 133110, 86975, 60520
277, 55653, 133110, 86975, 60520
278, 55653, 133110, 86617, 60520
279, 55653, 132591, 86617, 60274
280, 55434, 132591, 86617, 60274
281, 55434, 132591, 86260, 60274
282, 55216, 132074, 86617, 60274
283, 55216, 132074, 86617, 60028
284, 55216, 132074, 86617, 60028
285, 55216, 132074, 86260, 60274
286, 54998, 131558, 86260, 60028
287, 54998, 131558, 86260, 60028
288, 54565, 131045, 85905, 60028
289, 54565, 131045, 85905, 60028
290, 54350, 131045, 85905, 59782
291, 54136, 131045, 85905, 59782
292, 54136, 130534, 85550, 59782
293, 53922, 130534, 85550, 59538
294, 53922, 130534, 85550, 59782
295, 53709, 130534, 85550, 59538
296, 53709, 130534, 85197, 59538
297, 53497, 130534, 85197, 59538
298, 53497, 130534, 85197, 59538
299, 53497, 130024, 85197, 59294
300, 53285, 130024, 85197, 59538
301, 53074, 130024, 84844, 59294
302, 53074, 130024, 84844, 59294
303, 53074, 130024, 84844, 59051
304, 52864, 130024, 84844, 59051
305, 52864, 130024, 84844, 59051
306, 52655, 130024, 84844, 59051
307, 52655, 130024, 84844, 59051
308, 52655, 129516, 84844, 59051
309, 52655, 129516, 84493, 59051
310, 52655, 129516, 84844, 59051
311, 52655, 129516, 84493, 59051
312, 52446, 129516, 84493, 58809
313, 52446, 129516, 84493, 58809
314, 52239, 129516, 84143, 59051
315, 52239, 129011, 84493, 58809
316, 52239, 129011, 84143, 58809
317, 52239, 129011, 84493, 58809
318, 52239, 129011, 84493, 58568
319, 52239, 129011, 84143, 58568
320, 52031, 129011, 84143, 58568
321, 52031, 129011, 84143, 58568
322, 52031, 129011, 84143, 58568
323, 52031, 129011, 84143, 58568
324, 52031, 129011, 84143, 58328
325, 52031, 129011, 84143, 58568
326, 51825, 129011, 84143, 58568
327, 51825, 129011, 84143, 58328
328, 51825, 128507, 84143, 58328
329, 51825, 128507, 84143, 58328
330, 51825, 128507, 84143, 58328
331, 51825, 128507, 84143, 58328
332, 51825, 128507, 83794, 58328
333, 51825, 128507, 83794, 58328
334, 51619, 128507, 83794, 58328
335, 51619, 128005, 83794, 58088
336, 51619, 128005, 83794, 58328
337, 51414, 128005, 83446, 58088
338, 51414, 128005, 83794, 58328
339, 51414, 128005, 83794, 58088
340, 51414, 128005, 83794, 58328
341, 51210, 128005, 83446, 58088
342, 51210, 127505, 83446, 58088
343, 51210, 128005, 83446, 58088
344, 51210, 128005, 83446, 58088
345, 51006, 128005, 83446, 58088
346, 51210, 128005, 83446, 58088
347, 51006, 127505, 83446, 58088
348, 51006, 127505, 83446, 58088
349, 51006, 127505, 83446, 57849
350, 51006, 127505, 83446, 58088
351, 51006, 127505, 83446, 58088
352, 51006, 127505, 83446, 58088
353, 51006, 127505, 83446, 58088
354, 51006, 127007, 83446, 58088
355, 51006, 127505, 83446, 58088
356, 51006, 127505, 83446, 57849
357, 51006, 127007, 83446, 58088
358, 51006, 127007, 83446, 58088
359, 50803, 127007, 83446, 57849
360, 50803, 127007, 83100, 57849
361, 50803, 127007, 83100, 57849
362, 50803, 127007, 83446, 57849
363, 50803, 127007, 83100, 57849
364, 50803, 127007, 83100, 57849
365, 50803, 127007, 83100, 57610
366, 50803, 127007, 83100, 57610
367, 50803, 126511, 83100, 57610
368, 50803, 127007, 83100, 57610
369, 50803, 127007, 83100, 57610
370, 50601, 127007, 83100, 57610
371, 50803, 126511, 83100, 57610
372, 50601, 127007, 83100, 57610
373, 50601, 126511, 82754, 57610
374, 50803, 126511, 83100, 57610
375, 50803, 126511, 83100, 57610
376, 50601, 126511, 82754, 57610
377, 50601, 126511, 83100, 57610
378, 50601, 126511, 83100, 57610
379, 50601, 126511, 83100, 57610
380, 50601, 126511, 83100, 57373
381, 50601, 126511, 82754, 57373
382, 50601, 126511, 83100, 57373
383, 50601, 126511, 82754, 57373
384, 50601, 126016, 82754, 57373
385, 50400, 126511, 82754, 57373
386, 50400, 126511, 82754, 57373
387, 50400, 126016, 82754, 57373
388, 50400, 126016, 82754, 57373
389, 50400, 126016, 82754, 57373
390, 50400, 126016, 82754, 57373
391, 50400, 126016, 82754, 57373
392, 50199, 126016, 82754, 57373
393, 50400, 126016, 82754, 57373
394, 50199, 126016, 82754, 57373
395, 50199, 126016, 82754, 57373
396, 50199, 126016, 82754, 57136
397, 50199, 126016, 82754, 57373
398, 50199, 126016, 82409, 57373
399, 50199, 126016, 82754, 57373
400, 50400, 126016, 82754, 57136
401, 50199, 126016, 82754, 57373
402, 50199, 126016, 82754, 57373
403, 50199, 126016, 82754, 57373
404, 50199, 126016, 82754, 57136
405, 50400, 126016, 82754, 57373
406, 50199, 126016, 82754, 57373
407, 50400, 125524, 82754, 57373
408, 50400, 126016, 82409, 57136
409, 50400, 125524, 82754, 57373
410, 50400, 125524, 82754, 57136
411, 50199, 125524, 82409, 57136
412, 50400, 125524, 82409, 57136
413, 50199, 125524, 82409, 57136
414, 50199, 125033, 82409, 57136
415, 50199, 123571, 82409, 57136
416, 48227, 122126, 81041, 55963
417, 47266, 122126, 80364, 54580
418, 46508, 121171, 79355, 53447
419, 45761, 120223, 78356, 52110
420, 45391, 119282, 78025, 50798
421, 44840, 119282, 77695, 49722
422, 44840, 118348, 77366, 49296
423, 44657, 117883, 77038, 48873
424, 44476, 117883, 76710, 48452
425, 44294, 117420, 76384, 48242
426, 44114, 116959, 76059, 48034
427, 44114, 116959, 75735, 47825
428, 43934, 116959, 75412, 47618
429, 43934, 116500, 75090, 47411
430, 43934, 116042, 74769, 47411
431, 43754, 116042, 74448, 46999
432, 43754, 115585, 74448, 46999
433, 43754, 115585, 74129, 46999
434, 43754, 115131, 74448, 46794
435, 43575, 114677, 74129, 46589
436, 43397, 114226, 73811, 46385
437, 43397, 114226, 73811, 46385
438, 43219, 114226, 73811, 46182
439, 43219, 113776, 73811, 46182
440, 43219, 113328, 73494, 46182
441, 42865, 113328, 73494, 45979
442, 42865, 113328, 73494, 45777
443, 42865, 112881, 73494, 45777
444, 42689, 111992, 73177, 45979
445, 42514, 111992, 73494, 45575
446, 42339, 111992, 73494, 45777
447, 41817, 111110, 73177, 45777
448, 41472, 110671, 72862, 45174
449, 41130, 110671, 72547, 44974
450, 41301, 110234, 72547, 44974
451, 41645, 110234, 72547, 44974
452, 41472, 110234, 72234, 44974
453, 41301, 109798, 71921, 44974
454, 41472, 109798, 71921, 44775
455, 41472, 110234, 71921, 44775
456, 41645, 110234, 71921, 44775
457, 42164, 110234, 71921, 44974
458, 42339, 110234, 72234, 45174
459, 42514, 110234, 72234, 45374
460, 42689, 110234, 72234, 45575
461, 42865, 110234, 72547, 45575
462, 43042, 110234, 72547, 45575
463, 43219, 110671, 72862, 45777
464, 43397, 110671, 72547, 45979
465, 43575, 110671, 73177, 45979
466, 43575, 110671, 72862, 46182
467, 43754, 110671, 73177, 46182
468, 43754, 111110, 73177, 46385
469, 43934, 111110, 73177, 46385
470, 43934, 111110, 73494, 46589
471, 44114, 111550, 73494, 46589
472, 44294, 111550, 73494, 46794
473, 44294, 111550, 73811, 46794
474, 44476, 111550, 73811, 46999
475, 44476, 111550, 73811, 46999
476, 44476, 111550, 73811, 46999
477, 44657, 111550, 73811, 47205
478, 44657, 111550, 73811, 47205
479, 44840, 111992, 73811, 47205
480, 44840, 111992, 74129, 47411
481, 44840, 111992, 74129, 47411
482, 44840, 111550, 74129, 47411
483, 44840, 111992, 74129, 47618
484, 45023, 111992, 74448, 47618
485, 45023, 111992, 74448, 47618
486, 45023, 112436, 74448, 47618
487, 45206, 111992, 74448, 47825
488, 45206, 112436, 74448, 47825
489, 45206, 112436, 74448, 47825
490, 45206, 112436, 74448, 47825
491, 45206, 112436, 74769, 48034
492, 45391, 112436, 74769, 48034
493, 45206, 112436, 74769, 48034
494, 45391, 112436, 74769, 48034
495, 45391, 112436, 74769, 48034
496, 45391, 112436, 74769, 48242
497, 45391, 112436, 74769, 48242
498, 45391, 112436, 74769, 48242
499, 45391, 112881, 74769, 48242
500, 45391, 112436, 74769, 48242
501, 45391, 112881, 74769, 48242
502, 45391, 112881, 74769, 48452
503, 45575, 112881, 74769, 48452
504, 45391, 112436, 75090, 48452
505, 45575, 112881, 75090, 48452
506, 45391, 112881, 75090, 48452
507, 45575, 112881, 75090, 48662
508, 45575, 112881, 75090, 48662
509, 45575, 112881, 75090, 48662
510, 45575, 112881, 75090, 48662
511, 45575, 112881, 75090, 48662
512, 45575, 112881, 75412, 48662
513, 45575, 112881, 75090, 48873
514, 45575, 112881, 75090, 48662
515, 45575, 112881, 75090, 48873
516, 45761, 112881, 75090, 48873
517, 45761, 112881, 75090, 48873
518, 45575, 112881, 75090, 48873
519, 45761, 112881, 75412, 49084
520, 45761, 113328, 75412, 49084
521, 45761, 112881, 75412, 49084
522, 45761, 112881, 75412, 49084
523, 45761, 112881, 75412, 49084
524, 45761, 112881, 75412, 49084
525, 45761, 112881, 75735, 49084
526, 45761, 112881, 75735, 49296
527, 45947, 112881, 75412, 49296
528, 45947, 112881, 75735, 49296
529, 45947, 112881, 75735, 49296
530, 45947, 112881, 75735, 49296
531, 45947, 113328, 75735, 49296
532, 45947, 113328, 76059, 49296
533, 45947, 112881, 75735, 49296
534, 45947, 112881, 75735, 49296
535, 45947, 112881, 75735, 49508
536, 45947, 113328, 76059, 49508
537, 46133, 113328, 76059, 49508
538, 46321, 114677, 76384, 49508
539, 46321, 115585, 76710, 49722
540, 46508, 116042, 77038, 49722
541, 46697, 116500, 77695, 49936
542, 46886, 116959, 77695, 49722
543, 47076, 117420, 77695, 50150
544, 47266, 117420, 78025, 50365
545, 47457, 117420, 78025, 50365
546, 47457, 117420, 78025, 50365
547, 47457, 117420, 78025, 50365
548, 47649, 117420, 78356, 50581
549, 47841, 117420, 78356, 50798
550, 47841, 117420, 78356, 50798
551, 48034, 116500, 78025, 50798
552, 48227, 116500, 78025, 50798
553, 48034, 117420, 78356, 50798
554, 48227, 117420, 78688, 51015
555, 48421, 117420, 78688, 51015
556, 48421, 117883, 78688, 51232
557, 48616, 117883, 78688, 51232
558, 48812, 117420, 78688, 51232
559, 48812, 117420, 78688, 51232
560, 48812, 117883, 79021, 51232
561, 49008, 117883, 79021, 51451
562, 48812, 117883, 79021, 51451
563, 49008, 117883, 79021, 51670
564, 49008, 118348, 79355, 51670
565, 49402, 118348, 79355, 51670
566, 49205, 117883, 79355, 51890
567, 49402, 117883, 79021, 51890
568, 49402, 117420, 79355, 51890
569, 49205, 117883, 79355, 51890
570, 49402, 118348, 79355, 51890
571, 49402, 118814, 80026, 52110
572, 49402, 118814, 79690, 52110
573, 49600, 118814, 80026, 52110
574, 49600, 118814, 80026, 52110
575, 49799, 117883, 79690, 52110
576, 49799, 117420, 79355, 52331
577, 49600, 116959, 79690, 52110
578, 49600, 116959, 79355, 52331
579, 49600, 116959, 79021, 52331
580, 49402, 116500, 79355, 52331
581, 49402, 116500, 79021, 52331
582, 49402, 116500, 79021, 52331
583, 49402, 116500, 79021, 52331
584, 49205, 116500, 79021, 52331
585, 49205, 116500, 79021, 52331
586, 49205, 116500, 79021, 52331
587, 49205, 116500, 79021, 52331
588, 49008, 116500, 79021, 52331
589, 49008, 116500, 79021, 52331
590, 48812, 116500, 79021, 52331
591, 48812, 116500, 79021, 52110
592, 48812, 116500, 79021, 52331
593, 48616, 116042, 79021, 52331
594, 48616, 116500, 79021, 52110
