0, 54136, 132591, 80702, 55269
0, 53709, 132591, 81041, 55269
1, 53709, 133110, 80702, 55963
2, 53709, 132074, 81041, 55269
3, 53709, 132074, 81041, 55269
4, 53709, 132591, 81041, 55269
5, 53709, 132591, 81041, 55269
6, 53497, 132591, 81041, 55500
7, 53709, 132591, 81382, 55500
8, 53709, 132591, 81723, 55500
9, 53709, 132591, 81041, 55500
10, 53497, 132591, 81382, 55500
11, 53709, 132591, 81382, 55500
12, 53709, 132591, 81382, 55500
13, 53709, 132074, 81382, 55500
14, 53497, 132591, 81041, 55500
15, 53709, 132074, 81041, 55500
16, 53285, 132074, 81041, 55500
17, 53497, 132074, 81041, 55500
18, 53709, 132074, 81041, 55500
19, 53497, 132074, 81041, 55269
20, 53497, 132074, 81382, 55269
21, 53285, 132074, 81041, 55269
22, 53497, 132074, 81041, 55269
23, 53497, 132074, 81041, 55269
24, 53285, 132074, 81041, 55269
25, 53497, 132074, 81041, 55269
26, 53709, 131558, 81041, 55269
27, 53285, 131558, 81041, 55269
28, 53497, 131558, 81041, 55269
29, 53285, 131558, 81041, 55269
30, 53285, 131558, 81041, 55269
31, 53285, 131558, 81041, 55269
32, 53497, 132074, 81041, 55269
33, 53497, 132074, 81382, 55269
34, 53497, 131558, 81382, 55269
35, 53497, 131558, 81041, 55269
36, 53497, 132074, 81041, 55269
37, 53497, 131558, 81041, 55269
38, 53497, 132074, 81041, 55269
39, 53497, 131558, 81382, 55269
40, 53497, 131558, 81041, 55269
41, 53497, 131558, 81041, 55269
42, 53497, 131558, 81041, 55269
43, 53497, 131558, 81382, 55269
44, 53497, 131558, 81041, 55269
45, 53497, 131558, 81041, 55269
46, 53497, 131558, 81041, 55269
47, 53497, 131558, 81041, 55269
48, 53497, 131558, 81041, 55269
49, 53497, 131558, 81041, 55269
50, 53497, 131558, 81041, 55269
51, 53497, 131045, 81041, 55269
52, 53497, 131558, 81041, 55269
53, 53497, 131558, 81041, 55269
54, 53497, 131558, 81041, 55038
55, 53497, 131558, 81041, 55269
56, 53497, 131558, 81041, 55269
57, 53497, 131558, 81041, 55269
58, 53497, 132074, 81041, 55038
59, 53497, 131558, 81041, 55038
60, 53497, 131558, 81041, 55038
61, 53497, 131558, 81041, 55038
62, 53709, 131558, 81041, 55038
63, 53497, 131558, 81041, 55038
64, 53497, 131558, 81041, 55038
65, 53285, 131558, 81041, 55038
66, 53285, 131558, 81041, 55038
67, 53285, 131558, 81041, 55038
68, 53285, 131558, 81041, 55038
69, 53497, 131045, 81041, 54809
70, 53285, 131045, 81041, 55038
71, 53285, 131558, 81041, 54809
72, 53285, 131558, 81041, 55038
73, 53497, 131558, 81041, 55038
74, 53285, 131558, 81041, 55038
75, 53497, 131558, 81382, 55038
76, 53285, 131558, 81382, 55038
77, 53497, 131558, 81382, 55038
78, 53497, 131558, 81382, 55038
79, 53497, 131558, 81382, 55038
80, 53497, 131558, 81382, 55269
81, 53709, 131558, 81382, 55269
82, 53497, 131558, 81382, 55269
83, 53497, 131558, 81723, 55269
84, 53497, 131558, 81723, 55269
85, 53497, 131558, 81382, 55269
86, 53497, 131558, 81382, 55269
87, 53497, 131045, 81723, 55269
88, 53497, 131045, 81382, 55269
89, 53285, 131045, 81723, 55269
90, 53285, 131045, 81382, 55038
91, 53285, 131045, 81382, 55269
92, 53497, 131045, 81382, 55269
93, 53285, 131045, 81382, 55038
94, 53285, 131045, 81382, 55038
95, 53074, 131045, 81382, 55038
96, 53074, 131045, 81382, 55038
97, 53074, 131045, 81041, 55038
98, 53074, 131045, 81382, 55038
99, 53074, 130534, 81382, 55038
100, 53074, 131045, 81041, 54809
101, 53074, 131045, 81041, 54809
102, 53074, 131045, 81382, 55038
103, 53074, 131045, 81382, 54809
104, 53074, 130534, 81041, 54809
105, 53074, 131045, 81041, 54809
106, 53074, 130534, 81041, 54809
107, 53074, 130534, 81041, 54809
108, 53074, 130534, 81041, 54809
109, 53074, 130534, 81041, 54809
110, 53074, 130534, 80702, 54809
111, 52864, 130534, 81041, 54809
112, 52864, 130534, 81041, 54809
113, 52864, 130534, 81041, 54809
114, 52864, 130024, 81041, 54809
115, 52864, 130024, 81041, 54809
116, 52864, 130024, 81041, 54809
117, 52864, 130024, 81041, 54809
118, 52864, 130024, 81041, 54809
119, 52655, 130024, 81041, 54809
120, 52655, 130024, 81041, 54809
121, 52655, 130024, 81041, 54809
122, 52864, 130024, 81041, 54580
123, 52655, 130024, 81041, 54580
124, 52864, 130024, 80702, 54809
125, 52655, 130024, 81041, 54580
126, 52655, 130024, 81041, 54809
127, 52864, 130024, 81041, 54580
128, 52655, 130024, 81041, 54580
129, 52655, 130024, 81041, 54580
130, 52655, 130024, 81041, 54580
131, 52655, 130024, 81041, 54580
132, 52864, 130024, 81041, 54809
133, 52655, 130024, 81041, 54580
134, 52864, 130024, 81041, 54580
135, 52655, 130024, 80702, 54580
136, 52864, 130024, 81041, 54580
137, 52864, 130024, 81041, 54580
138, 52864, 130024, 81041, 54580
139, 52864, 130024, 80702, 54809
140, 52864, 130024, 81041, 54580
141, 53074, 130534, 81041, 54809
142, 53074, 130024, 81041, 54580
143, 53074, 130024, 80702, 54809
144, 53074, 130024, 81041, 54809
145, 53074, 130024, 81041, 54809
146, 53074, 130024, 81041, 54809
147, 53285, 130024, 81041, 54809
148, 53285, 130024, 81041, 54809
149, 53285, 130024, 81041, 54809
150, 53285, 130024, 81041, 54809
151, 53285, 130024, 81041, 54809
152, 53285, 130024, 81041, 54809
153, 53497, 130024, 81041, 54809
154, 53285, 129516, 81041, 54809
155, 53285, 129516, 81041, 54809
156, 53285, 130024, 81041, 55038
157, 53074, 130024, 81041, 54809
158, 53074, 130024, 81041, 54809
159, 53074, 129516, 81041, 54809
160, 53074, 130024, 81041, 54809
161, 53074, 129516, 81041, 54809
162, 53285, 129516, 81041, 55038
163, 53285, 129516, 81041, 54809
164, 53074, 130024, 81041, 54809
165, 53497, 130024, 81041, 54809
166, 53497, 130024, 81041, 54809
167, 53497, 130024, 81041, 55038
168, 53709, 130024, 81382, 55038
169, 53709, 130024, 81382, 55038
170, 53922, 130534, 81382, 55038
171, 53709, 130534, 81382, 55269
172, 53497, 130534, 81723, 55269
173, 53497, 131045, 81723, 55500
174, 53709, 131045, 82066, 55500
175, 53497, 131045, 81723, 55500
176, 53497, 131045, 82066, 55731
177, 53497, 131558, 82409, 55731
178, 53709, 131558, 82409, 55963
179, 53709, 131558, 82066, 55731
180, 53709, 132074, 82409, 55963
181, 53709, 132074, 82754, 56197
182, 53922, 132591, 82754, 56197
183, 53709, 132591, 83100, 56197
184, 53709, 132591, 83100, 56197
185, 53709, 132591, 83100, 56430
186, 53922, 133110, 83100, 56430
187, 53922, 133110, 83446, 56430
188, 53922, 133110, 83446, 56430
189, 53922, 133631, 83446, 56665
190, 54136, 133631, 83794, 56665
191, 53922, 133631, 83446, 56665
192, 54350, 133631, 83100, 56665
193, 54136, 133631, 83794, 56665
194, 53922, 134155, 84143, 56665
195, 54136, 134155, 83794, 56665
196, 54136, 134155, 83794, 56900
197, 54136, 134155, 84143, 56900
198, 54136, 134155, 83794, 56900
199, 54136, 134155, 84143, 56900
200, 54350, 134680, 84143, 56900
201, 54136, 134155, 84143, 56900
202, 53922, 134155, 84143, 57136
203, 54136, 134680, 84143, 57136
204, 54136, 134680, 84143, 57136
205, 54136, 134680, 84143, 57136
206, 54136, 134680, 84143, 57136
207, 54136, 134680, 84143, 57136
208, 54136, 134680, 84143, 57136
209, 54350, 134680, 84143, 57136
210, 54350, 134680, 84143, 57373
211, 54136, 134680, 84143, 57136
212, 54350, 134680, 84143, 57373
213, 54350, 135207, 84493, 57373
214, 54350, 134680, 84143, 57373
215, 54350, 134680, 84143, 57373
216, 54350, 134680, 84493, 57373
217, 54350, 135207, 84493, 57373
218, 54350, 134680, 84493, 57373
219, 54565, 134680, 84493, 57373
220, 54565, 134680, 84493, 57373
221, 54565, 135207, 84493, 57373
222, 54781, 134680, 84493, 57610
223, 54998, 135207, 84493, 57610
224, 55216, 134680, 84493, 57610
225, 54781, 135207, 84493, 57610
226, 54565, 135207, 84493, 57849
227, 54565, 135207, 84493, 57610
228, 54781, 135207, 84493, 57373
229, 54781, 135207, 84493, 57610
230, 54781, 134680, 84844, 57610
231, 54565, 135207, 84493, 57610
232, 54781, 135207, 84493, 57610
233, 54565, 135207, 84844, 57610
234, 54565, 135207, 84493, 57610
235, 54781, 135207, 84844, 57610
236, 54781, 135207, 84844, 57610
237, 54565, 135207, 84844, 57610
238, 54781, 135207, 84844, 57610
239, 54781, 135207, 84493, 57610
240, 54781, 135736, 84844, 57849
241, 54781, 135736, 84493, 57610
242, 54781, 135207, 84844, 57610
243, 54781, 135736, 84844, 57849
244, 54781, 135736, 84844, 57849
245, 54781, 135736, 84844, 57849
246, 54781, 135736, 84844, 57610
247, 54781, 135736, 84844, 57849
248, 54998, 135736, 84844, 57849
249, 54998, 135736, 84844, 57849
250, 54998, 135736, 84844, 57849
251, 54998, 135736, 84844, 57849
252, 54998, 135736, 84844, 57849
253, 55216, 135736, 84844, 57849
254, 55434, 135736, 84844, 57849
255, 55653, 135736, 85197, 57849
256, 55434, 135736, 84844, 57849
257, 55216, 135736, 84844, 57849
258, 54998, 135736, 85197, 57849
259, 55216, 135736, 84844, 58088
260, 54998, 135736, 84844, 58088
261, 54998, 135736, 84844, 57849
262, 55216, 135736, 85197, 58088
263, 55216, 136268, 84844, 58088
264, 55434, 135736, 85197, 58088
265, 55434, 136268, 85197, 58088
266, 55434, 135736, 85197, 57849
267, 55434, 136268, 85197, 58088
268, 55216, 135736, 85197, 58088
269, 55216, 136268, 85197, 58088
270, 55216, 135736, 85197, 58088
271, 55434, 136268, 85197, 58088
272, 55434, 136268, 85197, 58088
273, 55434, 136268, 85197, 58328
274, 55216, 136268, 85197, 58328
275, 55434, 136268, 85197, 58088
276, 55434, 136268, 85197, 58088
277, 55434, 136268, 85550, 58088
278, 55434, 136268, 85197, 58328
279, 55434, 136268, 85197, 58088
280, 55434, 136268, 85197, 58088
281, 55434, 136268, 85550, 58088
282, 55434, 136268, 85197, 58328
283, 55653, 136268, 85197, 58328
284, 55434, 136268, 85197, 58328
285, 55653, 136268, 85197, 58328
286, 55653, 136268, 85197, 58328
287, 55653, 136268, 85197, 58328
288, 55434, 136268, 85550, 58328
289, 55434, 136268, 85550, 58328
290, 55434, 136268, 85550, 58328
291, 55653, 136268, 85550, 58328
292, 55653, 136268, 85550, 58328
293, 55653, 136801, 85550, 58328
294, 55653, 136268, 85550, 58328
295, 55434, 136801, 85197, 58568
296, 55653, 136268, 85550, 58328
297, 55653, 136801, 85550, 58328
298, 55653, 136268, 85550, 58568
299, 55653, 136268, 85550, 58568
300, 55653, 136801, 85550, 58568
301, 55653, 136268, 85550, 58568
302, 55873, 136268, 85550, 58328
303, 55873, 136801, 85550, 58328
304, 55873, 136268, 85550, 58568
305, 55873, 136268, 85550, 58568
306, 55873, 136268, 85550, 58568
307, 55873, 136801, 85550, 58568
308, 55873, 136801, 85550, 58328
309, 55873, 136801, 85550, 58568
310, 55873, 136801, 85905, 58568
311, 55873, 136801, 85550, 58568
312, 55873, 136801, 85550, 58568
313, 55873, 136801, 85550, 58568
314, 55873, 136801, 85550, 58568
315, 55873, 136801, 85550, 58568
316, 56094, 136801, 85550, 58568
317, 55873, 136801, 85905, 58568
318, 55873, 136801, 85550, 58568
319, 55873, 136801, 85550, 58568
320, 56094, 136801, 85550, 58809
321, 55873, 136801, 85550, 58568
322, 56094, 136801, 85905, 58568
323, 56094, 136801, 85550, 58568
324, 56094, 136801, 85550, 58809
325, 56094, 136801, 85905, 58809
326, 56094, 136801, 85905, 58809
327, 56094, 136801, 85905, 58568
328, 56094, 136801, 85905, 58809
329, 56094, 136801, 85905, 58809
330, 56094, 136801, 85905, 58809
331, 56094, 137337, 85905, 58809
332, 56094, 136801, 85550, 58809
333, 56094, 136801, 85905, 58809
334, 56094, 136801, 85905, 58809
335, 56094, 137337, 85905, 58809
336, 56315, 136801, 85905, 58809
337, 56315, 137337, 85905, 58809
338, 56315, 136801, 85905, 59051
339, 56315, 136801, 85905, 58809
340, 56315, 136801, 86260, 58809
341, 56315, 136801, 86260, 58809
342, 56315, 137337, 85905, 58809
343, 56315, 137337, 85905, 59051
344, 56315, 137337, 85905, 59051
345, 56315, 137337, 85905, 59051
346, 56315, 137337, 85905, 58809
347, 56315, 137337, 85905, 59051
348, 56094, 137337, 85905, 59051
349, 56315, 137337, 85905, 59051
350, 56537, 137337, 86260, 58809
351, 56537, 137337, 86260, 59051
352, 56315, 137337, 85905, 59051
353, 56537, 137337, 85905, 59051
354, 56761, 137337, 86260, 59051
355, 56761, 137337, 86260, 59051
356, 57209, 137337, 86260, 59051
357, 56984, 137337, 86260, 59051
358, 57209, 137874, 86260, 59051
359, 56984, 137874, 86260, 59051
360, 57209, 137874, 86260, 59051
361, 57209, 137874, 86260, 59051
362, 57209, 137874, 86260, 59051
363, 57209, 137337, 86260, 59294
364, 57209, 137874, 86260, 59294
365, 57209, 137337, 86617, 59294
366, 57209, 137337, 86617, 59294
367, 57435, 137337, 86617, 59294
368, 57435, 137337, 86617, 59294
369, 57209, 137337, 86617, 59294
370, 57435, 137337, 86617, 59538
371, 57435, 136801, 86617, 59538
372, 57435, 136801, 86617, 59538
373, 57435, 137337, 86617, 59538
374, 57435, 136801, 86617, 59538
375, 57661, 137337, 86617, 59538
376, 57661, 136801, 86617, 59538
377, 57661, 136801, 86975, 59538
378, 57661, 137337, 86975, 59538
379, 57888, 137337, 86975, 59538
380, 57888, 136801, 86617, 59538
381, 57661, 136801, 86975, 59538
382, 57888, 136801, 86975, 59782
383, 57888, 137337, 86975, 59538
384, 57888, 136801, 86975, 59538
385, 57888, 137337, 86975, 59538
386, 58116, 137337, 86975, 59538
387, 58116, 136801, 86975, 59538
388, 58116, 136801, 86975, 59538
389, 58116, 136801, 86617, 59538
390, 58116, 136801, 86975, 59538
391, 58345, 136801, 86975, 59782
392, 58345, 136801, 86975, 59538
393, 58345, 136801, 86975, 59782
394, 58345, 136801, 86975, 59782
395, 58345, 136801, 86975, 59782
396, 58574, 136801, 86975, 59782
397, 58574, 136801, 86975, 59538
398, 58574, 136801, 86975, 59782
399, 58574, 136268, 86975, 59782
400, 58574, 136268, 86975, 59782
401, 58574, 136268, 86975, 59782
402, 58805, 135736, 86975, 60028
403, 58574, 135736, 87334, 59782
404, 58805, 135736, 86975, 59782
405, 58805, 135736, 86975, 60028
406, 58574, 135736, 86975, 59782
407, 58805, 135736, 86975, 59782
408, 58805, 135736, 86975, 60028
409, 58574, 135736, 86975, 60028
410, 58805, 135736, 86975, 59782
411, 58574, 135736, 86975, 60028
412, 58805, 135736, 86975, 60028
413, 58574, 135207, 87334, 60028
414, 58805, 135207, 87334, 60028
415, 58805, 135207, 86975, 60028
416, 58805, 135736, 87334, 59782
417, 58574, 135207, 86975, 59782
418, 58116, 135207, 86975, 59538
419, 58116, 135207, 86975, 59538
420, 57888, 134680, 86975, 59294
421, 57661, 134680, 86617, 59294
422, 57435, 134680, 86260, 59051
423, 57435, 134155, 86617, 58809
424, 57435, 134155, 86260, 58809
425, 57435, 134155, 85905, 58568
426, 57209, 133631, 86260, 58328
427, 57209, 133110, 85905, 58328
428, 56984, 133110, 85550, 58328
429, 56984, 133110, 85550, 58328
430, 56761, 133110, 85550, 58088
431, 56537, 132591, 85197, 57849
432, 56315, 132591, 85197, 57849
433, 56315, 132591, 85197, 57610
434, 56094, 132591, 85197, 57610
435, 56094, 132591, 85197, 57373
436, 56094, 132591, 85197, 57373
437, 55873, 132074, 84844, 57373
438, 55653, 132074, 84844, 57136
439, 55653, 132074, 84493, 57136
440, 55434, 132074, 84493, 56900
441, 55216, 132074, 84493, 56900
442, 55216, 132074, 84493, 56665
443, 55216, 132074, 84493, 56665
444, 54998, 132074, 84493, 56665
445, 54998, 132074, 84493, 56430
446, 54781, 132074, 84143, 56430
447, 54781, 132074, 84143, 56430
448, 54565, 132074, 84143, 56197
449, 54565, 132074, 84143, 56430
450, 54565, 132074, 84143, 56197
451, 54350, 132074, 84143, 56197
452, 54350, 132074, 84143, 56197
453, 54350, 132074, 84143, 56197
454, 54350, 132074, 84143, 56197
455, 54350, 132074, 84143, 55963
456, 54350, 131558, 84143, 56197
457, 54136, 131558, 83794, 56197
458, 53922, 131558, 83794, 55963
459, 54136, 131558, 83794, 55963
460, 54136, 131558, 84143, 55963
461, 54136, 131558, 84143, 55963
462, 54136, 131558, 83794, 55963
463, 54136, 131558, 83794, 55963
464, 54136, 131558, 83794, 55963
465, 54136, 131558, 83794, 55963
466, 54136, 131558, 83794, 55963
467, 54136, 131558, 83794, 55963
468, 53922, 131558, 83794, 55963
469, 53922, 131558, 83794, 55731
470, 53922, 131558, 83446, 55731
471, 53922, 131558, 83794, 55963
472, 53922, 131558, 83794, 55731
473, 53922, 131558, 83794, 55731
474, 53922, 131558, 83446, 55731
475, 53922, 131558, 83446, 55731
476, 53922, 131558, 83446, 55731
477, 53922, 131558, 83446, 55731
478, 54136, 131558, 83446, 55731
479, 53922, 131045, 83446, 55731
480, 53922, 131045, 83446, 55731
481, 53922, 131558, 83446, 55731
482, 53922, 131045, 83446, 55731
483, 53922, 131045, 83446, 55731
484, 53922, 131045, 83446, 55731
485, 53709, 131045, 83446, 55731
486, 53709, 131045, 83446, 55731
487, 53497, 131045, 83446, 55500
488, 53709, 131558, 83446, 55500
489, 53709, 131045, 83446, 55500
490, 53497, 131045, 83446, 55500
491, 53497, 131045, 83100, 55500
492, 53497, 131045, 83446, 55269
493, 53497, 131045, 83100, 55500
494, 53497, 131045, 83446, 55500
495, 53497, 131045, 83100, 55269
496, 53285, 131045, 82754, 55269
497, 53285, 131045, 83100, 55269
498, 53074, 131045, 83100, 55269
499, 53285, 131045, 83100, 55269
500, 53074, 131045, 83100, 55500
501, 53074, 130534, 83100, 55269
502, 53074, 131045, 83100, 55269
503, 53074, 130534, 83100, 55269
504, 53074, 130534, 83100, 55269
505, 53074, 130534, 83100, 55038
506, 53074, 130534, 83100, 55038
507, 52864, 130534, 83100, 55038
508, 53074, 130534, 83100, 55038
509, 52864, 130534, 83100, 55038
510, 52864, 130534, 83100, 55038
511, 52864, 130534, 83100, 55038
512, 52864, 130534, 82754, 55038
513, 53074, 130534, 83100, 55038
514, 53074, 130534, 83100, 55038
515, 52864, 130534, 82754, 55038
516, 52864, 130534, 83100, 55038
517, 53074, 130024, 82754, 54809
518, 53074, 130024, 82754, 54809
519, 52864, 130534, 82754, 54809
520, 52864, 130024, 82754, 54809
521, 52864, 130024, 82754, 54809
522, 52864, 130024, 82754, 54580
523, 52864, 130024, 82754, 54809
524, 52864, 130024, 82754, 54580
525, 52655, 130024, 82409, 54580
526, 52655, 130024, 82754, 54580
527, 52655, 130024, 82754, 54580
528, 52446, 130024, 82409, 54580
529, 52655, 130024, 82409, 54580
530, 52655, 130024, 82409, 54580
531, 52864, 130024, 82409, 54580
532, 52655, 130024, 82409, 54580
533, 52655, 130024, 82409, 54580
534, 52864, 130024, 82409, 54352
535, 52864, 130024, 82409, 54352
536, 52655, 130024, 82754, 54580
537, 52655, 130024, 82409, 54352
538, 52655, 130024, 82409, 54580
539, 52655, 130024, 82409, 54580
540, 52655, 130024, 82409, 54580
541, 52655, 130024, 82409, 54352
542, 52655, 129516, 82409, 54580
543, 52655, 130024, 82409, 54580
544, 52655, 129516, 82409, 54580
545, 52446, 129516, 82409, 54580
546, 52655, 129516, 82409, 54580
547, 52655, 129516, 82409, 54580
548, 52446, 129516, 82409, 54580
549, 52446, 129516, 82066, 54580
550, 52446, 129516, 82066, 54580
551, 52239, 129516, 82409, 54580
552, 52446, 129516, 82409, 54580
553, 52239, 129516, 82409, 54580
554, 52239, 129516, 82409, 54580
555, 52446, 129516, 82066, 54580
556, 52239, 129516, 82066, 54580
557, 52239, 129516, 82409, 54580
558, 52239, 129011, 82409, 54580
559, 52446, 129516, 82409, 54580
560, 52446, 129516, 82409, 54580
561, 52446, 129011, 82409, 54580
562, 52446, 129516, 82409, 54580
563, 52446, 129516, 82409, 54580
564, 52446, 129011, 82409, 54580
565, 52446, 129011, 82409, 54580
566, 52446, 129011, 82409, 54580
567, 52446, 129011, 82409, 54580
568, 52446, 129011, 82409, 54809
569, 52655, 129011, 82409, 54580
570, 52446, 129011, 82066, 54580
571, 52864, 129011, 82409, 54580
572, 52864, 129011, 82409, 54580
573, 52864, 129011, 82409, 54580
574, 52864, 129011, 82409, 54580
575, 52864, 129011, 82409, 54580
576, 52655, 129011, 82409, 54580
577, 52655, 129011, 82409, 54809
578, 52864, 129011, 82409, 54809
579, 52655, 129011, 82409, 54809
580, 52655, 129011, 82409, 54809
581, 52655, 129516, 82409, 55038
582, 52655, 129516, 82754, 55038
583, 52655, 130024, 82754, 55038
584, 52864, 130024, 82754, 55038
585, 53074, 130024, 83100, 55038
586, 52864, 130024, 82754, 55038
587, 52864, 130024, 83100, 55269
588, 53074, 130024, 83100, 55269
589, 53074, 130024, 83446, 55269
590, 53074, 130534, 83446, 55269
591, 53074, 130534, 83446, 55269
592, 53285, 130534, 83794, 55269
593, 53285, 131045, 83446, 55269
594, 53497, 131045, 83794, 55269
595, 53709, 131558, 83794, 55269
596, 53709, 131558, 84143, 55500
597, 53922, 131558, 84143, 55269
598, 53922, 132074, 84143, 55500
599, 53922, 132074, 84493, 55500
600, 54136, 132074, 84143, 55500
601, 54136, 132074, 84493, 55500
602, 54136, 132074, 84493, 55500
603, 54350, 132074, 84493, 55500
604, 54350, 132591, 84493, 55500
605, 54350, 132591, 84493, 55500
606, 54565, 132591, 84493, 55500
607, 54350, 132591, 84493, 55500
608, 54565, 132591, 84493, 55500
609, 54565, 133110, 84844, 55731
610, 54781, 133110, 84844, 55500
611, 54781, 133110, 84844, 55731
612, 54998, 133110, 85197, 55500
613, 54781, 133110, 85197, 55731
614, 54998, 133110, 84844, 55731
615, 54998, 133110, 85197, 55731
616, 55216, 133110, 85197, 55731
617, 54998, 133110, 85197, 55731
618, 55216, 133110, 85197, 55731
619, 55216, 133110, 85197, 55731
620, 55216, 133110, 85197, 55731
621, 55216, 133631, 85197, 55731
622, 55216, 133631, 85550, 55731
623, 55216, 133631, 85197, 55731
624, 55434, 133631, 85550, 55731
625, 55434, 133631, 85550, 55731
626, 55653, 133631, 85550, 55731
627, 55653, 133631, 85550, 55963
628, 55653, 133631, 85550, 55963
629, 55653, 133631, 85550, 55963
630, 55873, 133631, 85550, 55963
631, 55873, 133631, 85550, 55963
632, 55873, 134155, 85550, 55963
633, 55873, 134155, 85550, 55963
634, 55873, 134155, 85550, 56197
635, 56094, 134155, 85550, 55963
636, 55873, 134155, 85550, 55963
637, 56094, 134155, 85550, 55963
638, 56094, 134155, 85550, 55963
639, 56094, 134155, 85550, 55963
640, 56094, 134155, 85550, 56197
641, 56094, 134155, 85905, 56197
642, 56094, 134155, 85905, 56197
643, 56094, 134155, 85905, 56197
644, 56094, 134155, 85905, 56197
645, 56094, 134155, 85550, 56197
646, 56094, 134680, 85905, 56197
647, 56094, 134680, 85905, 56197
648, 56094, 134155, 85905, 56197
649, 56094, 134680, 85905, 56197
650, 56315, 134680, 85905, 56197
651, 56315, 134680, 85905, 56430
652, 56315, 134680, 85905, 56197
653, 56315, 134680, 85905, 56430
654, 56315, 134680, 85905, 56197
655, 56315, 134680, 85905, 56430
656, 56761, 135207, 85905, 56197
657, 56984, 134680, 85905, 56430
658, 56984, 134680, 85905, 56197
659, 56984, 134680, 85905, 56430
660, 56984, 134680, 85905, 56430
661, 56984, 134680, 85905, 56430
662, 56984, 134680, 85905, 56430
663, 57209, 134680, 85905, 56430
664, 57209, 134680, 85905, 56430
665, 57209, 134680, 86260, 56430
666, 57435, 134680, 86617, 56430
667, 57435, 134680, 86260, 56430
668, 57661, 134680, 85905, 56430
669, 57435, 134680, 86260, 56430
670, 57661, 134680, 86260, 56665
671, 57661, 135207, 85905, 56665
672, 57661, 135207, 86260, 56430
673, 57888, 134680, 86260, 56430
674, 57888, 135207, 85905, 56430
675, 57888, 135207, 85905, 56430
676, 57661, 135207, 86260, 56665
677, 57888, 135207, 86260, 56665
678, 57888, 135207, 86260, 56430
679, 57888, 135207, 86260, 56665
680, 57888, 135207, 86260, 56665
681, 57888, 135207, 86260, 56430
682, 57888, 135207, 86260, 56665
683, 58116, 135207, 86260, 56665
684, 58116, 135207, 86260, 56665
685, 58116, 135207, 86260, 56665
686, 57888, 135207, 86260, 56665
687, 58345, 135207, 86617, 56665
688, 58345, 135207, 86260, 56665
689, 58116, 135207, 86260, 56665
690, 58116, 135207, 86260, 56665
691, 58345, 135207, 86617, 56665
692, 58574, 135207, 86617, 56665
693, 58574, 135736, 86260, 56900
694, 58574, 135207, 86617, 56900
695, 58574, 135207, 86617, 56900
696, 58574, 135207, 86617, 56665
697, 58805, 135736, 86617, 56900
698, 58805, 135736, 86260, 56900
699, 58805, 135207, 86617, 56900
700, 58805, 135736, 86617, 56900
701, 59036, 135207, 86617, 56900
702, 59036, 135736, 86260, 56900
703, 59036, 135736, 86617, 56900
704, 59036, 135207, 86617, 57136
705, 59036, 135736, 86617, 56900
706, 59036, 135736, 86617, 56900
707, 59036, 135736, 86617, 56900
708, 59036, 135736, 86617, 56900
709, 59036, 135736, 86975, 56900
710, 58805, 135736, 86617, 56900
711, 59036, 135736, 86617, 57136
712, 59036, 135736, 86617, 56900
713, 59036, 135207, 86617, 56900
714, 59036, 135736, 86617, 57136
715, 59268, 135736, 86617, 57136
716, 59501, 135736, 86617, 57136
717, 59501, 135736, 86617, 57136
718, 59501, 135736, 86617, 57136
719, 59501, 135736, 86975, 57136
720, 59501, 135736, 86617, 57136
721, 59268, 135736, 86975, 57136
722, 59501, 135736, 86617, 57136
723, 59735, 135736, 86975, 57136
724, 59501, 135736, 86975, 57136
725, 59501, 135736, 86617, 57136
726, 59735, 136268, 86617, 57136
727, 59735, 135736, 86975, 57136
728, 59735, 136268, 86975, 57136
729, 59735, 136268, 86975, 57136
730, 59735, 135736, 86975, 57136
731, 59735, 135736, 86975, 57373
732, 59735, 135736, 86975, 57373
733, 59735, 136268, 86975, 57136
734, 59969, 135736, 86975, 57373
735, 59969, 135736, 86975, 57373
736, 60205, 136268, 86975, 57373
737, 60441, 136268, 86975, 57373
738, 60205, 135736, 86975, 57373
739, 60205, 136268, 86975, 57373
740, 59969, 135736, 86975, 57373
741, 60205, 136268, 86975, 57373
742, 60205, 136268, 86975, 57610
743, 60205, 136268, 86975, 57373
744, 60205, 136268, 86975, 57373
745, 60205, 136268, 86975, 57373
746, 60441, 136268, 86975, 57373
747, 60441, 136268, 86975, 57373
748, 60205, 136268, 86975, 57373
749, 60441, 136268, 86975, 57373
750, 60205, 136268, 86975, 57373
751, 60441, 136268, 87334, 57610
752, 60441, 136268, 86975, 57373
753, 60679, 136268, 86975, 57610
754, 60441, 136268, 86975, 57610
755, 60441, 136268, 87334, 57610
756, 60679, 136268, 87334, 57610
757, 60679, 136268, 86975, 57610
758, 60441, 136268, 87334, 57610
759, 60441, 136268, 86975, 57610
760, 60441, 136268, 87334, 57849
761, 60441, 136268, 86975, 57849
762, 60441, 136268, 87334, 57849
763, 60441, 136268, 86975, 57849
764, 60441, 136268, 87334, 57849
765, 60441, 136268, 87334, 57849
766, 60441, 136268, 87334, 57849
767, 60441, 136268, 87334, 57849
768, 60205, 136801, 87334, 57849
769, 60441, 136801, 87334, 57849
770, 60441, 136801, 87334, 57849
771, 60441, 136801, 87334, 57849
772, 60205, 136801, 87334, 57849
773, 60205, 136801, 87694, 57849
774, 60205, 136801, 87334, 57849
775, 60205, 136801, 87334, 57849
776, 60205, 136801, 87694, 57849
777, 60205, 136801, 87694, 57849
778, 59969, 136268, 87694, 58088
779, 59969, 136268, 87694, 58088
780, 59969, 136268, 87694, 58088
781, 59969, 136268, 87694, 58088
782, 59969, 136268, 87694, 58088
783, 59735, 136268, 87694, 58088
784, 59735, 135736, 87694, 58088
785, 59735, 135736, 87694, 58088
786, 59735, 136268, 87694, 58088
787, 59501, 135736, 87694, 58088
788, 59501, 135736, 88055, 58328
789, 59501, 135736, 87694, 58328
790, 59501, 135736, 88055, 58328
791, 59501, 135736, 88055, 58328
792, 59501, 135736, 87694, 58328
793, 59501, 135207, 88055, 58328
794, 59268, 135207, 88055, 58328
795, 59268, 135207, 87694, 58328
796, 59036, 135207, 88055, 58328
797, 59268, 135207, 88055, 58328
798, 59268, 135207, 88055, 58328
799, 59036, 135207, 88055, 58328
800, 58805, 135207, 88055, 58568
801, 58574, 135207, 88055, 58328
802, 58345, 135207, 87694, 58088
803, 58116, 134680, 87334, 57849
804, 57888, 134155, 86975, 58088
805, 57661, 133631, 86617, 57849
806, 57435, 133631, 86617, 57849
807, 57435, 133110, 86617, 57849
808, 57209, 133110, 86617, 57849
809, 57435, 133110, 86975, 57849
810, 57209, 132591, 86617, 57849
811, 57209, 133110, 86617, 57849
812, 56984, 132591, 86617, 57849
813, 56761, 132591, 86260, 57849
814, 56761, 132074, 86260, 57849
815, 56537, 132074, 86260, 57849
816, 56315, 132074, 86260, 57849
817, 56094, 132074, 86260, 57849
818, 55873, 132074, 86260, 57610
819, 55653, 131558, 86260, 57610
820, 55653, 131558, 86260, 57610
821, 55434, 131558, 85905, 57610
822, 55434, 131558, 85905, 57610
823, 55434, 131045, 85550, 57610
824, 55216, 131045, 85550, 57373
825, 54998, 131045, 85550, 57373
826, 54998, 131045, 85550, 57373
827, 54781, 131045, 85550, 57136
828, 54781, 131045, 85550, 57373
829, 54565, 131558, 85550, 57136
830, 54565, 131558, 85550, 57136
831, 54565, 131558, 85550, 57136
832, 54565, 131045, 85550, 57136
833, 54350, 131045, 85550, 57136
834, 54565, 131045, 85550, 57136
835, 54350, 131045, 85550, 57136
836, 54350, 131045, 85197, 56900
837, 54350, 130534, 85550, 56900
838, 54350, 130534, 85197, 56900
839, 54136, 130534, 85197, 56900
840, 54136, 130534, 85197, 56900
841, 53922, 130534, 85197, 56900
842, 53922, 131045, 84844, 56900
843, 53922, 130534, 84844, 56900
844, 53922, 130534, 84844, 56665
845, 53709, 130534, 84844, 56900
846, 53709, 130534, 84844, 56900
847, 53709, 130534, 84844, 56665
848, 53709, 130534, 84844, 56665
849, 53497, 130534, 84493, 56430
850, 53709, 130534, 84844, 56430
851, 53497, 131045, 84493, 56430
852, 53497, 130534, 84493, 56430
853, 53497, 130534, 84844, 56197
854, 53497, 130534, 84493, 56430
855, 53285, 130534, 84844, 56430
856, 53285, 130534, 84493, 56197
857, 53497, 130534, 84493, 56197
858, 53497, 130534, 84493, 56197
859, 53285, 130534, 84493, 56197
860, 53285, 130534, 84493, 56197
861, 53285, 130024, 84493, 56197
862, 53497, 130534, 84493, 56197
863, 53285, 130534, 84143, 56197
864, 53074, 130024, 84493, 56197
865, 53285, 130024, 84143, 56197
866, 53285, 130024, 84493, 56197
867, 53285, 130024, 84493, 55963
868, 53285, 130024, 84493, 56197
869, 53285, 130024, 84143, 55963
870, 53285, 130024, 84143, 55963
871, 53285, 130534, 84143, 55963
872, 53074, 130024, 84143, 55963
873, 53285, 130024, 84143, 55963
874, 53285, 130024, 84143, 55731
875, 53074, 130024, 84143, 55963
876, 53285, 130024, 84143, 55731
877, 53074, 130024, 84143, 55963
878, 52864, 130024, 84143, 55731
879, 52864, 130024, 84143, 55963
880, 52864, 129516, 84143, 55963
881, 52864, 129516, 84143, 55731
882, 52864, 129516, 84143, 55731
883, 52864, 129516, 84143, 55731
884, 52864, 129516, 84143, 55731
885, 53074, 129516, 84143, 55731
886, 53074, 129516, 84143, 55731
887, 52864, 129516, 84143, 55731
888, 53074, 129516, 84143, 55731
889, 52864, 129516, 83794, 55731
890, 52864, 129516, 84143, 55731
891, 52864, 129516, 84143, 55731
892, 52864, 129516, 84143, 55731
893, 52864, 129516, 84143, 55731
894, 52864, 129516, 84143, 55731
895, 52864, 129516, 84143, 55731
896, 53074, 129516, 84143, 55963
897, 52864, 129516, 84143, 55963
898, 52864, 129516, 84143, 55963
899, 52864, 129516, 84143, 55963
900, 52864, 129516, 84143, 55963
901, 53074, 129516, 84143, 55963
902, 53074, 129516, 84493, 55963
903, 53074, 129516, 84143, 55963
904, 53074, 129516, 84143, 55963
905, 53074, 129516, 84493, 55963
906, 53074, 129516, 84493, 55963
907, 53074, 129516, 84493, 55963
908, 53074, 130024, 84493, 56197
909, 53285, 129516, 84493, 56197
910, 53285, 129516, 84493, 56197
911, 53074, 129516, 84493, 56197
912, 53285, 129516, 84493, 56197
913, 53285, 130024, 84493, 56197
914, 53285, 130024, 84844, 56197
915, 53285, 129516, 84493, 56197
916, 53285, 129516, 84493, 56197
917, 53285, 130024, 84844, 56430
918, 53285, 129516, 84844, 56430
919, 53497, 129516, 84493, 56430
920, 53497, 129516, 84844, 56430
921, 53497, 130024, 84844, 56430
922, 53497, 130024, 84844, 56430
923, 53497, 130024, 84844, 56665
924, 53709, 130024, 85197, 56430
925, 53709, 129516, 84844, 56665
926, 53709, 130024, 84844, 56665
927, 53709, 130024, 84844, 56665
928, 53709, 130024, 85197, 56665
929, 53709, 130024, 85197, 56665
930, 53709, 130024, 85197, 56665
931, 53709, 130024, 85197, 56665
932, 53709, 130024, 85197, 56900
933, 53709, 130024, 85197, 56900
934, 53709, 130024, 85197, 56900
935, 53922, 130024, 85197, 56900
936, 53709, 130024, 85197, 57136
937, 53709, 130024, 85197, 56900
938, 53709, 130024, 85197, 57136
939, 53709, 130024, 85550, 57136
940, 53709, 130024, 85197, 57136
941, 53709, 130024, 85197, 57136
942, 53709, 130024, 85550, 57136
943, 53709, 130024, 85550, 57136
944, 53709, 130024, 85550, 57136
945, 53709, 130024, 85550, 57373
946, 53709, 130024, 85550, 57373
947, 53709, 130024, 85550, 57373
948, 53709, 130024, 85550, 57373
949, 53709, 130024, 85550, 57610
950, 53709, 130024, 85550, 57373
951, 53709, 130024, 85550, 57373
952, 53709, 130534, 85550, 57373
953, 53709, 130024, 85550, 57610
954, 53709, 130534, 85905, 57610
955, 53709, 130024, 85550, 57610
956, 53922, 130024, 85905, 57610
957, 53922, 130024, 85905, 57610
958, 53709, 130534, 85905, 57610
959, 53922, 130024, 85905, 57610
960, 53709, 130534, 85905, 57849
961, 53922, 130024, 85905, 57849
962, 53922, 130534, 85905, 57610
963, 53922, 130024, 85905, 57849
964, 53922, 130024, 85905, 57849
965, 53922, 130024, 85905, 57849
966, 53922, 130024, 86260, 57849
967, 53922, 130024, 86260, 57849
968, 54136, 130024, 86260, 58088
969, 53922, 130024, 85905, 58088
970, 53922, 130534, 86260, 58088
971, 53922, 130024, 85905, 58088
972, 53922, 130024, 86260, 58088
973, 53922, 130024, 86260, 58088
974, 53922, 130024, 86260, 58088
975, 53709, 130024, 86260, 58088
976, 53922, 130024, 86260, 58328
977, 53709, 130024, 86260, 58328
978, 53709, 130024, 86260, 58328
979, 53709, 130024, 86260, 58088
980, 53709, 130024, 86617, 58328
981, 53709, 130024, 86617, 58328
982, 53709, 130024, 86617, 58328
983, 53709, 130534, 86260, 58328
984, 53709, 130024, 86260, 58328
985, 53922, 130024, 86617, 58328
986, 53709, 130024, 86617, 58568
987, 53709, 130024, 86617, 58328
988, 53709, 130534, 86617, 58328
989, 53709, 130534, 86617, 58568
990, 53709, 130024, 86617, 58568
991, 53709, 130534, 86617, 58568
992, 53709, 130024, 86617, 58568
993, 53709, 130024, 86617, 58568
994, 53709, 130024, 86617, 58568
995, 53497, 130024, 86617, 58568
996, 53497, 130024, 86617, 58568
997, 53709, 130024, 86617, 58568
998, 53497, 130024, 86617, 58568
999, 53497, 130024, 86975, 58568
1000, 53497, 130024, 86975, 58809
1001, 53497, 130024, 86617, 58568
1002, 53497, 130024, 86617, 58809
1003, 53497, 130024, 86617, 58809
1004, 53497, 130534, 86975, 58809
1005, 53497, 130534, 86617, 58809
1006, 53497, 130024, 86617, 58568
1007, 53497, 130024, 86617, 58809
1008, 53497, 130024, 86975, 58809
1009, 53709, 130024, 86975, 58809
1010, 53709, 130024, 86617, 58809
1011, 53709, 130534, 86975, 58809
1012, 53709, 130024, 86975, 58809
1013, 53497, 130534, 86975, 59051
1014, 53285, 130024, 86617, 58809
1015, 53285, 130024, 86617, 59051
1016, 53285, 130024, 86617, 58809
1017, 53285, 130024, 86617, 58809
1018, 53285, 129516, 86617, 58809
1019, 53074, 129516, 86260, 59051
1020, 53074, 129516, 86260, 58809
